2	410	565	552	2	471
6	6	251	490
10	193	10	192	280	420	519
14	435	751	544	0	232	708	393	443	258	400	437	746	242	31	736	268	14	384	8	613
18	18	127	427	1932	747	866	745	890
22	22	1790	191	163	2257	129
26	1129	26	747	2612
30	30	2276	285	1148	679	231
34	35	565	34	566	559	66
38	273	38	563	1689	219	372
42	42	189	188	163	793
46	46	867	489	301	238
50	50	150	643	581	583
54	615	2334	54	712	523	1687
58	58	2495	990	1891	536
62	423	62	2425	332	2474	324	945	2566
66	69	1531	215	2294	66	288	2310	1698	2157	2359	183	149	1248	2441	2122	34	2520
70	70	1692	1986	1521	255	999	931
74	74	867	19	2284	2654	975	154	2421	604	680	193	1220	1634	2266	987	871	906	511	252	1017	622	881	2513	71	949	505	2335	1928	263	2013	2124	1676	310	547	1024	1103	787	2390	345	661	377
78	560	2681	766	157	78	469	214
82	82	295	1553	410	1440	239	1378	39	305	565	548
86	86	373	249	735	652
90	90	680
94	94	41	126
98	98	2696	1954	615
102	102	2583	1964	2012	1893	404	1895	1824	2333
106	106	597
110	687	110	747	745
114	114	171
118	118	636	465	565
122	122	2400	127	1093	124
126	126	94	2208
130	672	640	130	459
134	2135	134	505	1118	1782
138	138	1716	137	748	892	416	115	1713
142	142	227	520	1283	823	391	1547	1318	230
146	146	17	747	427
150	150	50	643
154	74	154	392
158	158	707	433	184	598
162	162	173	775
166	166	1125	649	457
170	170	250	4
174	2409	174	503	163	501
178	178	378	286
182	182	468	491
186	186	566	747	588	294
190	356	190	519	2223
194	194	673
198	198	747	655
202	202	72	204	771	747	427
206	206	1488	536	1028	1490	1042	1891
210	1459	738	552	210	295	148	63	644
214	214	78	587	157	469
218	218	378	1290	478
222	222	581	643
226	226	617
230	142	1283	520	427	406	230	1284	391
234	234	747	15
238	1815	238	301	46	193	489
242	242	574	14	1006
246	246	560
250	708	250	694	31	170	577	427	76	498	33	736	107	639	499	584	108	304
254	254	15	1176
258	435	258	751	1111	14	8	400	7	0	544	1031	268
262	262	188	1980	266	793
266	266	163	262
270	270	339	276	467	495	342	573
274	274	204	566	478
278	278	326	1898	324
282	282	589	592
286	286	1963	178	378	2195
290	290	1839	1911	163	2220
294	294	277	153	128	565	483	466	2476	633	566	85	1438	554	665	588	477	699	465	1353	502	21	191	564	638	83	103	186	2430	173	636	1672	807	252
298	552	298	410
302	598	302	428	432
306	306	554	57	967	552	565	1376
310	310	668	2513	747	74
314	314	509	1596	1073	1726	1684	156	1244
318	318	1644	1173	2427	445	991	426	2310	686	2333
322	322	2508	1644	1027	160	15	967
326	326	324	327	278
330	330	354	731	747	359	576
334	334	267	20
338	338	627
342	2016	342	495	776	339	2546	467	1945	1800	729	270	1993	276
346	337	346	143	163	363	132
350	351	427	111	664	350	180	201	730	770
354	354	839	576	1520	1072	330
358	358	95	1255
362	362	747	2191
366	364	366	590
370	875	370	552	562
374	374	552	455
378	378	1539	1678	1061	1027	2291	2042	2195	2012	2447	227	960	2290	218	286	1963	335	1644	396	692	2583	178	585	1290	1207	1238	1275
382	1837	382	2132	1236	29
386	386	745	611	747
390	163	390	145
394	394	133	608	125
398	398	776	419	248
402	402	538	219	681	163	403
406	311	2307	406	427	230
410	410	298	305	2	565	82
414	414	1174	1877	908	1442	1445	440
418	418	135	1269	479	1312	1198	740
422	1691	422	163	1685	1069
426	1528	2431	1275	937	1061	1486	426	2126	318	335	29	1576	2369	836	303	1187
430	430	1698	635	1020	2137	2197	1568	236	1617	1284	1165	381	223	2593	632	2033	2487	119	1637	683	1207	524	208	1270	547	2557	1792	686	172	89	2343	52	1569	651	177	256	634
434	434	2473	1339	597
438	391	438	710	296	79	96	692	607	616	21	720	550	227
442	442	401	635	1908
446	446	552	554
450	450	646	954	2558
454	454	541	183	539	1368
458	747	458	745
462	462	2582	1644	187
466	466	552	294	566	465	16	565
470	470	478
474	474	635	698
478	478	479	218	303	754	215	96	227	523	565	497	520	618	470	396	568	52	274
482	578	482	13	251	551
486	2276	486	231	1148	1597	285	64	1278	284
490	490	213	45	6	734	5	220	492
494	494	747	427
498	498	108	250	107
502	2536	502	565	747	567	294
506	506	514
510	510	356	2223	519	192
514	514	506	569	453
518	518	2532	662	181	76	766
522	522	68	525
526	526	747	427
530	530	163	343
534	534	313
538	1036	2193	2165	1689	129	15	1204	2309	538	402	487	1738
542	542	779	747	1203
546	546	163
550	1422	2423	569	550	438
554	554	565	446	306	875	552	167	1859	294
558	2034	1641	905	558	1816	1532	376	1555	2660	1934	557	423	2463	1137
562	562	1183	370	60	671	2014	1401	1117	2018	252	440	1889
566	566	274	1643	483	333	449	671	1816	858	2658	2485	1782	1544	565	472	465	294	733	633	1447	588	477	699	1459	16	321	173	34	2480	186	2221	466	688
570	570	1520	1067	1258	1381	1245	212	1243	59	1200	2026	1246	1524	1709	576	872	169	1922	1814	874
574	574	2040	1006	1827	2475	549	640	672	1962	242	2360
578	578	1333	1122	1877	13	482
582	582	818	1498	1792	259
586	586	28
590	590	366	364	365
594	594	593	1122	1194	1621
598	598	432	302	428	158	307
602	602	2334	163	1114
606	606	163	537
610	610	747	427
614	614	615
618	638	618	478
622	622	377	74	345
626	626	687	261
630	630	447	408
634	256	686	635	1570	2593	634	430	1513
638	2409	1539	2426	521	1027	89	348	779	2045	1919	1327	1808	618	722	1895	862	2541	1468	2171	294	701	296	2146	638	2673	2465	449	375	264	227	1189	441	383	1460	1312
642	642	484	697
646	646	450
650	650	1557	472	483	1006	656
654	654	135	1260
658	1577	163	658	427
662	662	181	518
666	666	745
670	670	603
674	674	427
678	678	528
682	682	88	1791	2430
686	225	1273	1698	430	686	760	318	634	116	683	223	44	381	2557	2541	119	635
690	690	445	2457
694	694	76	250
698	698	474	427	1431	360
702	702	504
706	706	453
710	710	847	569	438
714	163	1218	714	833	2089	1035	1299
718	718	611	271
722	722	638	635
726	726	576	1068	1418
730	730	351	1889	350	770
734	734	213	490	492
738	2629	575	564	621	1183	2628	1727	738	1741	552	565	1585	1376	210	1213
742	742	772	1240	645
746	746	14	299
750	750	244
754	754	478
758	758	100	265	1980
762	762	88
766	766	181	2532	979	78	518	157
770	730	1285	770	350
774	774	2707	331	1493
778	778	56	109	25
782	782	1532
786	791	1004	1363	786	1003
790	1510	790	2057	1234
794	794	795
798	798	1105	792	1433	507	1095
802	802	973	1168
806	806	1121	1354	1138
810	810	1287	1718
814	814	1080	809	812	1365	1321	1044	1129
818	818	817	582	1212	1215	1125	819
822	822	1484	1644
826	826	1237	1422	1457	1273	1606
830	830	1252
834	834	1821	1814	1520	576	1067
838	838	1458
842	842	565	1540
846	846	781	219	2173	1533	2204	757
850	850	917
854	854	2211	1231	1178	2598
858	858	2303	1084	2035	566	991	281	2556
862	862	785	1407	1513	986	1812	638	2423	1155	1019	2364
866	866	18	890
870	870	523	1687
874	874	839	1520	59	570	576
878	878	1023	1472
882	882	1529	1316	1378	1616	523	565	575	1012
886	886	1295
890	890	18	866
894	894	1255
898	108	1687	898	107
902	910	966	902	1174	965	964	981
906	906	1019	74	1860
910	910	1117	902	1481	1221	811	1131	1590	981	1573	1673	1589	163	565	1432	523	982	1140	1253	964	1311	966	764
914	272	914	1551
918	918	1252
922	922	1233	923	580	1416
926	926	1112	1019
930	930	805	1254	1062
934	940	380	1009	934	1631	844	1353	860
938	2196	611	938	1127	560
942	942	163	1153
946	946	1179	427	1600
950	950	84	1240	1241
954	969	954	450	1591	427	1461
958	958	1409
962	962	745	829
966	966	1481	902	1140	1673	163	964	965	910	1131
970	970	974	1396	1378	1533	567
974	974	844	970
978	978	1825	1593	1954	664
982	910	982	163	247
986	2614	1644	862	2605	2484	1642	2616	986	136
990	805	58	990	1774
994	994	1354
998	84	1241	998	347	1240
1002	1002	983	1735
1006	1006	574	472	2040	1025	2360	876	650	242
1010	1578	1569	1010	1061	1011	877	1651	1182
1014	1014	1056	1091	576	676
1018	1018	1139	1136	1142
1022	1022	1282
1026	1026	1433	1105
1030	1030	1796	1946	163	1136
1034	1034	1178	1730
1038	1038	157	916	1196
1042	1043	1435	206	1042	1028	1037
1046	2706	1344	1046	612	1121	1345
1050	1306	1389	1591	1171	1050	1492	1499
1054	1054	1249
1058	1058	2454	1211
1062	1254	930	1323	1062	2651
1066	36	1066	1052
1070	1070	1153	793	163	1016
1074	1074	1174	109
1078	1078	1076	2461	1086
1082	1082	2312	1259	521	1081
1086	1078	1527	1240	1086	1545	1076	1582	1641
1090	1090	1023	1029
1094	1094	2228	355	1659	2085
1098	1098	1305	163	1911	343
1102	1102	1174	985	1370	136	1479	1413
1106	1106	1065	163	1305
1110	1110	1729	1728	793	163	1016
1114	1114	1117	1371	1696	163	1261	1603	1588	602
1118	1118	1540	134
1122	1534	1194	1122	799	578	594	717
1126	1126	2372	2371	2489	580	1497	583	923	1212
1130	1130	1334	163	959
1134	1134	1264	2281
1138	806	1138	1597	1121	1344	1420	2706
1142	1142	1136	1018
1146	1146	1676	820
1150	1630	1323	1150	912	1149
1154	1154	819	1531
1158	1158	1550	1555
1162	1162	1613
1166	1166	1160
1170	1170	1198	517
1174	414	1174	902	1074	893	1033	1135	1102	303	1297
1178	1099	1232	1230	1231	1690	1178	1688	1737	995	163	1362	1736	854	956	1034	1476
1182	1073	1010	1569	1182	1726	1684	1578
1186	1268	492	1186	591	1309
1190	1190	1129	809	1321
1194	594	1122	1194	1621
1198	1198	859	418	1296	1170	517	1683
1202	1202	1183
1206	789	1206	163	1544
1210	1210	883	539	1453
1214	1214	1635	523	583
1218	1218	1516	1670	1530	833	714	145	163	1035	1424	1571	1299
1222	1129	1222	809	1321
1226	1226	1234	1290
1230	1230	2470	1231	1178	2598	995
1234	1234	1275	790	977	1510	1187	1263	13	1226	937
1238	1238	1550	1025	378	1290	1500
1242	1242	939
1246	1246	570	1520
1250	1250	399	1251
1254	1062	930	1254	1464
1258	1258	1520	570	576
1262	1262	1104
1266	1663	1266	1301	1576	836
1270	1270	2342	430	1335	208	627	236
1274	1305	1303	163	1274	343	427
1278	1278	486	1534	289	583
1282	1282	1446	1494	948	1281	1022	1471	1272
1286	1286	163	1136
1290	1290	1019	1238	1918	218	1712	2329	429	378	2080	2169	1191	1197	1226	893	1025	1644	423
1294	1294	915
1298	407	1298	409	1592	1285
1302	1302	983
1306	1306	1310	1499	1050	607
1310	1306	1310	1499
1314	1314	1529
1318	227	427	1318	142	1283
1322	1322	323	1027	2539	1622	1020
1326	1326	248	1747	105	2434	2161	971	2144	1602	776	419
1330	1330	793	1167
1334	1334	1130	1696	163	793
1338	1338	855	1654	1015	917	784
1342	2454	1342	1300	359	808
1346	1346	1451	1272	1281
1350	1350	1151
1354	1047	1680	1426	75	1674	1304	1089	1123	1420	313	1176	806	479	1188	1040	1039	1354	1465	1317	994	1695	992	1001	911
1358	1358	1661	1567	591	453
1362	1362	1184	2175	163	1178
1366	1366	2374	2373	2413	2513	2414	2562	2239	1373
1370	1370	2692	1102	136
1374	1374	869	1548
1378	173	2485	1540	1378	970	239	1440	575	82	565	21	882	559
1382	1382	1285	1313
1386	2360	1386	1715	672
1390	1390	1491
1394	1394	967
1398	1398	1383
1402	1402	847
1406	1406	1463
1410	1410	163	1153
1414	1414	1288	1393	1287	788	945	1268
1418	1418	989	2499	726
1422	1422	1237	828	826	550	1657	1223	1273
1426	1426	1354
1430	1356	1430	569	1484
1434	1434	1208
1438	1438	807	294	565
1442	1442	414	344	1135	675	1445	1444
1446	1446	1282	948
1450	1450	1710	731	808
1454	1454	524	1169
1458	1458	1714	838
1462	1462	1657	1457
1466	1466	1650	943	1016	728
1470	1470	411	1464	1037
1474	1474	1249	1473	1728	380
1478	1478	1336	2338	1335
1482	1482	1484
1486	1486	1008	426	1569
1490	1490	531	206	1488
1494	1494	1282
1498	1498	2450	1351	289	1071	1049	1483	1534	582	1163	163	2158	2398
1502	1502	577	1393	1288	772
1506	1506	1308	1276	1108	1507	1415	1504	1525
1510	1510	790	2057	1234
1514	1514	429	1333
1518	1518	1536
1522	1522	569	1484
1526	1526	839	1524	576	1520
1530	1530	1218	145	163	1424	2089
1534	1534	1163	1597	1148	1556	289	1122	1498	1278
1538	1538	1724
1542	1542	801
1546	1546	1376	565	63
1550	1550	1555	1419	1425	1238	1427	84	684	157	1158	1624	1199
1554	1554	1553	951	1552	901	1401
1558	1558	2564	163	1136
1562	1562	631	355	627	1637
1566	1567	1566	453	1124
1570	1109	1339	1164	1570	1111	1678	634
1574	1574	1017	484
1578	1578	1622	1061	1010	877	1651	1182
1582	1582	1909	1086	1545	1908	2677	632	2017
1586	1586	1388
1590	1590	965	163	910
1594	1594	163	1136
1598	1598	780	1139	1572
1602	1602	971	1549	339	1326
1606	1606	409	1293	28	826	2381
1610	1610	1028	1037
1614	1614	1613	1619
1618	1618	2343	1220	1112
1622	1622	1578	1312	1428	344	1322
1626	1735	1698	1626	1164	1584	1407
1630	1150	1195	1630	1203
1634	1634	74	1252
1638	1638	1441
1642	1642	986	313	1475	1377
1646	1646	943	145
1650	1650	163	1466
1654	1654	852	1338	855
1658	1658	884
1662	1662	1036
1666	1666	719	1133
1670	1670	1016	1218
1674	1674	1680	1354	1123
1678	1678	1570	1339	378	861
1682	1682	1681
1686	1686	837	2426	2282
1690	1690	1736	995	1178
1694	1694	793	1455
1698	1698	1626	2597	686	66	430
1702	1702	1199	1161
1706	1706	1635	799	1385
1710	1450	1710	576	1656
1714	1714	1458
1718	1718	1373	2138	1867	201	1079	157	28	810	2413	2582	2414
1722	1722	1723	99	1619
1726	1726	1684	1569	1679	1182	314
1730	1730	1533	1034
1734	1734	1715	793	163	1249	1592
1738	1264	1738	1689	219	538
1742	1742	2456
1746	1746	1948
1750	1750	2106
1754	1754	1867	1869
1758	1758	2412
1762	1762	2694	571	2495
1766	1766	1810	427	477
1770	1765	1770	1938	1764
1774	1774	990	2619	1891	1968
1778	1778	731	2024
1782	1782	2328	134	295	565	566
1786	1786	2207
1790	2334	22	415	1790	523	565
1794	1794	1795	2545	2178
1798	1798	2120
1802	1802	2064	1777
1806	1806	2570	2279
1810	1810	1766
1814	1814	834	1067	570	1801	576
1818	1818	2029	2073	1813
1822	1656	1822	2662
1826	1826	689	2630
1830	1830	2585	2466
1834	1834	1905
1838	2514	719	1838	1908	485	2380
1842	1757	2341	1842	1268
1846	1846	1847	2537	1927
1850	1850	163	2554
1854	1854	1864	1855	2482	2122	75	2048	2645	1976	2299
1858	2528	1858	2481
1862	1862	1964	1863	2675	1644	1595
1866	1866	2272
1870	1870	1713	2362
1874	1874	1920
1878	2624	1878	2571
1882	1882	1989
1886	1902	1885	1886	745	1884
1890	1890	2039	163	1060
1894	909	1527	827	2144	1894	2524
1898	2140	278	1898	1268	2108
1902	1902	1887	1886	1884	1885
1906	1906	2421
1910	2661	2366	1910	2488	2375	2575	705	2159	2242	1668	2416	2081	2506
1914	1914	427	2176
1918	1918	1290	2329
1922	1922	2026	570	576
1926	1926	748	1941
1930	1930	2512
1934	1934	1816	423	2463	76	558
1938	1938	1770	1764	1765
1942	1942	2573
1946	1946	1030	2516
1950	1950	2220	2226
1954	1954	2183	321	98	978	2222	2150
1958	1958	2220	2226
1962	1962	2509	1827	574
1966	1966	1825
1970	1970	2486
1974	1974	667	2227	36
1978	1713	1978	2510
1982	1982	1716	1713	41	2153
1986	1986	2462	1329	569	70	2338
1990	201	2093	1990	121	233
1994	1994	1995	2097	1800	2241
1998	1998	1873
2002	2002	2510	2153	1713
2006	2006	1824
2010	2010	2447
2014	2014	1828	562	2018
2018	1828	2018	562	2014
2022	2022	2008	2153	2219
2026	2552	1922	2026	570	576
2030	2316	744	2130	2131	2128	2077	2030	2659	743
2034	2034	2015	2327	577	453	558
2038	2038	2692	985
2042	2042	378	2428
2046	616	2107	2046	268
2050	2050	611	2378
2054	2053	109	2685	2054	640	591
2058	2058	757	755	2232
2062	2062	2061	2066	2052	2060
2066	2066	985	159	2062	2674
2070	2070	2602	2640
2074	2074	1647	2615	2607	1636
2078	2078	1983	2406	295	1459	2474
2082	2082	1795	1775	2545	1793	2178
2086	1231	2086	2065
2090	2090	1260	2530
2094	2094	2164
2098	2099	2098	453	2156
2102	2102	2664	144	189
2106	2106	2649	1750	735
2110	2110	1827	299
2114	2114	2124	1928	1923
2118	2118	565	2442
2122	2122	1864	1855	1854	66	75
2126	2126	2591	2213	2339	426	2426
2130	2130	2030
2134	2134	2644
2138	2138	1718	2285
2142	2142	2096
2146	2146	1897	2182	1004	638	1003
2150	2150	1192	2179	2305	2183	1954	2222
2154	2154	2119
2158	2158	1498	2449
2162	2162	2599	2586	745
2166	260	1527	2166	772	2524	2167	971	776
2170	2170	1325	2237
2174	2174	764	2687	636	1573
2178	2178	1794	2181	2545	1788	1795	2582	2082	1793
2182	2182	2011	1897	1003	591	2146	2633	1835	1748
2186	2186	2321
2190	2190	1955	2189	2188	2149	2365	2194
2194	2194	2149	2190	2189	1955	2188
2198	2198	2695	2537	1560
2202	2202	1303	1571	163	2638	1980
2206	2206	2261	1911	1925	2379	2175	2133	1984
2210	2210	1808
2214	2214	420	2223
2218	2218	2337	2049	2021
2222	2222	1954	2150
2226	1958	1950	2139	2220	2226	2478
2230	2230	157	608	2095	611
2234	2234	2208
2238	2238	2271
2242	2242	1910	2661	2458
2246	2246	2475	2356
2250	2250	2271	1940	2175	1696
2254	2254	2347	2039
2258	427	2258	1887
2262	2435	2236	2262	2542
2266	2266	2421	345	74
2270	480	2270	667	2043
2274	2274	163	2237
2278	2278	2284
2282	2282	1686	2426	2217
2286	2286	163	2280	145
2290	2290	378	344	1275	2213	585	2291
2294	1140	2529	2380	66	2294	649
2298	2298	163	2518
2302	2302	2104	1880	2111	403	1353
2306	2306	2049	427	2594
2310	2607	318	66	2310	2583
2314	2314	2187
2318	2318	491	2153	1977
2322	2322	359	2500	2498	2499
2326	2324	2326	317	508
2330	2330	1769	1631	2604	1696	2598
2334	2334	1790	209	1836	602	2353	1588	2103	2332	54	1917	1832
2338	2338	1478	1024	2677	2127	1986	2443
2342	2342	1270	2577	381	2197	497	2593	2151
2346	2346	1301	1595	397	1967
2350	2350	2168	1004
2354	2354	556	400	2360	2455	453	555
2358	2358	2503
2362	2362	1870	2510
2366	2458	2366	2506	2081	2575	1910
2370	2370	2321
2374	2374	1366	2507	916	2513	2373
2378	2378	2335	1668	611	2050
2382	2382	2013
2386	2386	2387
2390	2390	2227	36	74	76
2394	2394	2427
2398	2398	2399	2372	2184	1498	583
2402	2402	1931	1921
2406	2406	2078
2410	2410	204	1811	2049
2414	2373	2414	2239	1366	668	1718
2418	2418	2345	2511	2141
2422	2376	359	2422	2499	2500
2426	2426	1919	2431	638	2493	1686	2126	1007	344	2282
2430	2430	2647	1860	682	294
2434	2434	105	1326	2069	1747	2160
2438	2438	92	2091
2442	2442	2118	929	565	523	71
2446	2451	247	2446	129
2450	1881	2450	1498	2449
2454	2454	1342	881	2129	1058
2458	2458	2366	2506	2242
2462	2462	1986	401
2466	2466	831	2240	1830
2470	2470	2646	2643	1277	2101	1230
2474	2474	2425	62	2078
2478	2220	2478	2226
2482	2482	2123	2645	1854	1855
2486	2486	1970	2586
2490	2490	1807
2494	2494	2063
2498	2498	2147	2322	2500	2567	2499	359
2502	2605	2502	717
2506	2506	2416	2458	2661	1910	2575	2366
2510	2510	416	2362	1977	1991	1978	1713	2002
2514	2514	2558	1838	1908	485	2380
2518	2518	163	2298
2522	2522	2275
2526	2526	2448
2530	2530	2415	2090
2534	2534	2009
2538	2538	2325
2542	2236	2542	2262
2546	2546	1993	342	276
2550	2550	2045
2554	2554	163	1850
2558	2558	2514	450
2562	2562	2595	1366	668
2566	62	2566	2531
2570	2570	1806	1928	480	667
2574	2574	427	2107
2578	2578	99	2679
2582	2582	462	2178	1718	409	411
2586	2586	2486	2113	1889	2162	1647
2590	388	2421	2590	420	519
2594	2594	2306	411
2598	2598	956	854	1631	1232	2330	1230
2602	2602	2070
2606	2337	2611	2606	2662	527	2459
2610	2610	2337
2614	2614	2616	2484	1644	986
2618	2618	2509	1269	453
2622	2622	2033
2626	2626	1843	2399	2656
2630	2630	1826
2634	2634	1876	1197
2638	2638	163	2202
2642	2642	565	523	2368
2646	2646	2470	2643
2650	2650	204	2215
2654	2654	74	2421
2658	2658	843	477	427	566	1860	2647	1559	691
2662	2662	527	1822	2606
2666	2666	2411	451	2453
2670	2670	253	489	1815
2674	2674	159	2543	1352	2066
2678	2678	2477	2576
2682	2682	48	2348
2686	2686	916	2596	101
2690	591	2690	2053
2694	2694	2331	1762	571	2495
2698	2698	1759	2697	2700
2702	2702	881	2624
2706	1046	1640	1752	2706	1138
