2	410	565	552	2	471
8	751	8	435	258	14	0
14	435	751	544	0	232	708	393	443	258	400	437	746	242	31	736	268	14	384	8	613
20	20	267	334	640	25	732
26	1129	26	747	2612
32	32	679
38	273	38	563	1689	219	372
44	44	88	686	2428
50	50	150	643	581	583
56	56	1027	778	967
62	423	62	2425	332	2474	324	945	2566
68	1825	979	1979	2007	1845	522	68	1632
74	74	867	19	2284	2654	975	154	2421	604	680	193	1220	1634	2266	987	871	906	511	252	1017	622	881	2513	71	949	505	2335	1928	263	2013	2124	1676	310	547	1024	1103	787	2390	345	661	377
80	80	15	2044
86	86	373	249	735	652
92	92	2438	552	1259	565	136	479
98	98	2696	1954	615
104	104	747	771
110	687	110	747	745
116	116	88	686	2428
122	122	2400	127	1093	124
128	128	294	103	565
134	2135	134	505	1118	1782
140	140	323
146	146	17	747	427
152	152	15	1383
158	158	707	433	184	598
164	164	740	517
170	170	250	4
176	176	379	756
182	182	468	491
188	415	188	262	141	144	755	163	721	129	717	139	757	380	120	42	523	189
194	194	673
200	1464	1891	200	536
206	206	1488	536	1028	1490	1042	1891
212	169	570	212	576
218	218	378	1290	478
224	224	1601	1819	597
230	142	1283	520	427	406	230	1284	391
236	236	1271	156	1270	430	1617
242	242	574	14	1006
248	105	2088	248	1326	419	398
254	254	15	1176
260	260	2069	1527	1324	2559	2524	419	2166	619
266	266	163	262
272	272	516	1551	914
278	278	326	1898	324
284	284	64	583	486
290	290	1839	1911	163	2220
296	296	692	227	638	1236	438
302	598	302	428	432
308	308	1456	9	2028
314	314	509	1596	1073	1726	1684	156	1244
320	320	259
326	326	324	327	278
332	1064	332	185	389	62	324
338	338	627
344	344	2215	2426	521	1244	348	2290	2171	2291	2032	2617	1671	2609	1622	1881	1	963	1007	2339	316	675	1267	2229	1627	2589	2441	1442	1260	335	1445	1275	1312
350	351	427	111	664	350	180	201	730	770
356	190	356	510
362	362	747	2191
368	368	611	747
374	374	552	455
380	1474	1473	188	934	1257	1784	163	380	2641	1737	2196
386	386	745	611	747
392	76	392	154
398	398	776	419	248
404	404	102
410	410	298	305	2	565	82
416	416	1913	2510	137	1713	138
422	1691	422	163	1685	1069
428	432	428	302	433	184	598
434	434	2473	1339	597
440	440	367	562	414
446	446	552	554
452	117	452	347	513
458	747	458	745
464	464	275	467	279	573
470	470	478
476	476	605	1056	1091
482	578	482	13	251	551
488	488	2053	109	591	549
494	494	747	427
500	500	563	1767	247	2444
506	506	514
512	512	407	411
518	518	2532	662	181	76	766
524	524	1169	1454	430	520
530	530	163	343
536	58	206	411	536	200
542	542	779	747	1203
548	548	1859	552	82	1860	565
554	554	565	446	306	875	552	167	1859	294
560	560	246	1452	740	2287	1375	157	78	955	938
566	566	274	1643	483	333	449	671	1816	858	2658	2485	1782	1544	565	472	465	294	733	633	1447	588	477	699	1459	16	321	173	34	2480	186	2221	466	688
572	112	881	572	747	624
578	578	1333	1122	1877	13	482
584	584	639	427	250
590	590	366	364	365
596	596	299
602	602	2334	163	1114
608	608	611	179	2230	394	975	680	133
614	614	615
620	620	747
626	626	687	261
632	1582	2508	401	635	430	1909	632	683
638	2409	1539	2426	521	1027	89	348	779	2045	1919	1327	1808	618	722	1895	862	2541	1468	2171	294	701	296	2146	638	2673	2465	449	375	264	227	1189	441	383	1460	1312
644	644	210	552	565
650	650	1557	472	483	1006	656
656	656	148	773	650	657
662	662	181	518
668	668	310	2683	604	1315	975	2562	1508	2413	2414	263
674	674	427
680	680	74	90	608	747
686	225	1273	1698	430	686	760	318	634	116	683	223	44	381	2557	2541	119	635
692	692	296	1191	438	378
698	698	474	427	1431	360
704	704	376
710	710	847	569	438
716	716	611	157
722	722	638	635
728	728	943	243	1127	1016	1305	1466
734	734	213	490	492
740	740	1683	1667	1664	1559	418	157	929	164	560	1703
746	746	14	299
752	752	649	1621
758	758	100	265	1980
764	764	1311	2174	636	2687	769	1581	910	1573
770	730	1285	770	350
776	2088	776	398	342	2166	1326
782	782	1532
788	788	2341	1414	2425	2323	945	1268
794	794	795
800	800	163	1136
806	806	1121	1354	1138
812	812	1044	809	1080	1341	814	1365
818	818	817	582	1212	1215	1125	819
824	824	1707	1215	1621
830	830	1252
836	836	375	1266	426	1595
842	842	565	1540
848	848	967	1032	1223	1607	847	591	1739	1388	1400	1468
854	854	2211	1231	1178	2598
860	860	934	1911	1184	1940
866	866	18	890
872	872	59	570	1520
878	878	1023	1472
884	884	109	1658
890	890	18	866
896	468	888	896	1372
902	910	966	902	1174	965	964	981
908	908	919	2304	414	809
914	272	914	1551
920	920	1520	873
926	926	1112	1019
932	932	865	251	1505
938	2196	611	938	1127	560
944	944	1335	1337
950	950	84	1240	1241
956	956	1231	1178	2598	995
962	962	745	829
968	968	1285
974	974	844	970
980	980	1488
986	2614	1644	862	2605	2484	1642	2616	986	136
992	992	1354
998	84	1241	998	347	1240
1004	1469	791	672	1004	2483	786	1364	2146	2350	1003	1343
1010	1578	1569	1010	1061	1011	877	1651	1182
1016	728	1466	1670	1016	727	1305	943	1110	1070	1205	856	1729
1022	1022	1282
1028	1028	1042	206	1610	1435	1037
1034	1034	1178	1730
1040	1040	1354
1046	2706	1344	1046	612	1121	1345
1052	832	1051	600	1052	1066
1058	1058	2454	1211
1064	1937	332	1064	952	623
1070	1070	1153	793	163	1016
1076	1076	1078	2461	1086
1082	1082	2312	1259	521	1081
1088	1088	1565
1094	1094	2228	355	1659	2085
1100	1100	1464
1106	1106	1065	163	1305
1112	1112	1618	719	1073	926	1403	2415	101	1512
1118	1118	1540	134
1124	1124	1567	453	1566
1130	1130	1334	163	959
1136	1136	1523	1575	1286	1558	1030	163	800	935	1063	1142	1516	1018	1060	727	1594	1740	1333
1142	1142	1136	1018
1148	1148	486	1534	1597	1355	285	30
1154	1154	819	1531
1160	1160	1166
1166	1166	1160
1172	2108	1172	2341	915	1141	623
1178	1099	1232	1230	1231	1690	1178	1688	1737	995	163	1362	1736	854	956	1034	1476
1184	860	120	1362	1184	844	141	2199	781	1784
1190	1190	1129	809	1321
1196	1196	840	1038
1202	1202	1183
1208	1208	1429	1434
1214	1214	1635	523	583
1220	1220	1618	1608	1484	74
1226	1226	1234	1290
1232	1232	2211	1231	1178	2598	995
1238	1238	1550	1025	378	1290	1500
1244	1596	1244	348	314	344	1061
1250	1250	399	1251
1256	1256	2675	1019	881	1644
1262	1262	1104
1268	1268	1414	976	1842	1757	788	2419	2140	1898	2323	1186
1274	1305	1303	163	1274	343	427
1280	1280	955
1286	1286	163	1136
1292	1292	1049	960	1071	1085
1298	407	1298	409	1592	1285
1304	1304	1354
1310	1306	1310	1499
1316	1316	882	565	295
1322	1322	323	1027	2539	1622	1020
1328	1644	1107	927	1328	1513	1020	1173	1031	1101	1423	947	1584	1412	783	785	1155	1109	1568	1111
1334	1334	1130	1696	163	793
1340	1075	427	1340	157
1346	1346	1451	1272	1281
1352	1352	2674	611	1672
1358	1358	1661	1567	591	453
1364	1364	1363	1469	1705	1343	1003	1004
1370	1370	2692	1102	136
1376	1376	1546	1727	306	565	738
1382	1382	1285	1313
1388	1388	1027	1025	848	1586
1394	1394	967
1400	1400	848	967
1406	1406	1463
1412	1412	1111	1328	1431
1418	1418	989	2499	726
1424	1424	1530	1218	1799
1430	1356	1430	569	1484
1436	1436	895
1442	1442	414	344	1135	675	1445	1444
1448	1448	1621
1454	1454	524	1169
1460	1460	638	924	672
1466	1466	1650	943	1016	728
1472	1472	878
1478	1478	1336	2338	1335
1484	1484	1197	1430	822	1482	1057	1500	1092	1521	1237	931	1220	1522	1692
1490	1490	531	206	1488
1496	1496	1125
1502	1502	577	1393	1288	772
1508	1724	1508	668
1514	1514	429	1333
1520	1520	1072	1211	920	1200	1258	354	872	1526	1524	1709	570	834	1246	839	873	59	874	1245
1526	1526	839	1524	576	1520
1532	1532	782	577	1480	1487	558	327	925
1538	1538	1724
1544	1544	1206	163	566
1550	1550	1555	1419	1425	1238	1427	84	684	157	1158	1624	1199
1556	1556	1534	1537
1562	1562	631	355	627	1637
1568	1568	1328	1053	430
1574	1574	1017	484
1580	1580	1577	689	1625
1586	1586	1388
1592	1592	1293	1734	405	1161	1298	1176
1598	1598	780	1139	1572
1604	1604	1272	1281	1451
1610	1610	1028	1037
1616	1616	882	523	565
1622	1622	1578	1312	1428	344	1322
1628	1628	1063	1175
1634	1634	74	1252
1640	540	1345	1121	1640	603	1355	2706
1646	1646	943	145
1652	1652	1659
1658	1658	884
1664	804	1697	1664	1559	740
1670	1670	1016	1218
1676	1676	1146	565	523	207	74
1682	1682	1681
1688	1688	1228	1178
1694	1694	793	1455
1700	1700	1157	745	687
1706	1706	1635	799	1385
1712	1712	1025	1290	569	453
1718	1718	1373	2138	1867	201	1079	157	28	810	2413	2582	2414
1724	1724	1508	1492	1079	1538
1730	1730	1533	1034
1736	1736	1737	1178	1690
1742	1742	2456
1748	456	1748	2182
1754	1754	1867	1869
1760	427	1760	1879
1766	1766	1810	427	477
1772	1772	2307	2351
1778	1778	731	2024
1784	1784	844	1184	163	2199	380	2688	2705	55
1790	2334	22	415	1790	523	565
1796	1796	833	1917	2001	1030
1802	1802	2064	1777
1808	1808	638	2210
1814	1814	834	1067	570	1801	576
1820	2383	1820	2569
1826	1826	689	2630
1832	1832	1831	55	1836	415	2334
1838	2514	719	1838	1908	485	2380
1844	1844	1979	1845
1850	1850	163	2554
1856	1856	2421
1862	1862	1964	1863	2675	1644	1595
1868	1868	2421
1874	1874	1920
1880	1880	2302
1886	1902	1885	1886	745	1884
1892	1892	2131
1898	2140	278	1898	1268	2108
1904	1904	2556	643
1910	2661	2366	1910	2488	2375	2575	705	2159	2242	1668	2416	2081	2506
1916	1916	2400
1922	1922	2026	570	576
1928	1928	2570	667	1923	74	2114	2124
1934	1934	1816	423	2463	76	558
1940	2250	860	1940	2220	2175
1946	1946	1030	2516
1952	2396	1952	2029	2393	503
1958	1958	2220	2226
1964	1644	1595	102	2675	1863	1964	1862
1970	1970	2486
1976	1976	1854
1982	1982	1716	1713	41	2153
1988	1988	2401
1994	1994	1995	2097	1800	2241
2000	2000	467	2115
2006	2006	1824
2012	2012	2135	378	102
2018	1828	2018	562	2014
2024	2024	737	1778	1932	427
2030	2316	744	2130	2131	2128	2077	2030	2659	743
2036	2036	2696
2042	2042	378	2428
2048	2048	1854
2054	2053	109	2685	2054	640	591
2060	2060	857	2062	1483
2066	2066	985	159	2062	2674
2072	2072	667	2227	36
2078	2078	1983	2406	295	1459	2474
2084	2084	2615
2090	2090	1260	2530
2096	2096	2142
2102	2102	2664	144	189
2108	1172	2108	1898	2140
2114	2114	2124	1928	1923
2120	2120	1798
2126	2126	2591	2213	2339	426	2426
2132	2132	382	1837
2138	2138	1718	2285
2144	2144	1894	1326
2150	2150	1192	2179	2305	2183	1954	2222
2156	2156	453	2098
2162	2162	2599	2586	745
2168	2168	2350	1363
2174	2174	764	2687	636	1573
2180	2180	2577	1500
2186	2186	2321
2192	2192	1743	177
2198	2198	2695	2537	1560
2204	2173	163	2204	846	636
2210	2210	1808
2216	2216	2705	2361	2688
2222	2222	1954	2150
2228	2085	2068	2228	1094	127	1093
2234	2234	2208
2240	2240	2466
2246	2246	2475	2356
2252	2252	2277	2220	2271
2258	427	2258	1887
2264	2264	2519
2270	480	2270	667	2043
2276	2276	30	1864	486
2282	2282	1686	2426	2217
2288	2288	2697	1759
2294	1140	2529	2380	66	2294	649
2300	2300	2636	1337	479
2306	2306	2049	427	2594
2312	2312	2587	1082	1259	521
2318	2318	491	2153	1977
2324	2324	1161	2326
2330	2330	1769	1631	2604	1696	2598
2336	2336	745	2579
2342	2342	1270	2577	381	2197	497	2593	2151
2348	2348	1783	2682
2354	2354	556	400	2360	2455	453	555
2360	2360	574	2040	1006	2004	2354	672	400	1386	556	2273
2366	2458	2366	2506	2081	2575	1910
2372	2372	1126	2398	2489
2378	2378	2335	1668	611	2050
2384	2384	2460
2390	2390	2227	36	74	76
2396	2563	1583	2396	163	1952	503
2402	2402	1931	1921
2408	2408	1975	523	2145
2414	2373	2414	2239	1366	668	1718
2420	2420	1527	2169
2426	2426	1919	2431	638	2493	1686	2126	1007	344	2282
2432	2432	1755
2438	2438	92	2091
2444	2444	2257	500
2450	1881	2450	1498	2449
2456	1029	2456	1742	48	41
2462	2462	1986	401
2468	2468	2467
2474	2474	2425	62	2078
2480	2485	2480	653	566	523	565
2486	2486	1970	2586
2492	2492	2547	2461	1900	577
2498	2498	2147	2322	2500	2567	2499	359
2504	2504	1536	1663	2667
2510	2510	416	2362	1977	1991	1978	1713	2002
2516	2516	1946
2522	2522	2275
2528	2528	1858
2534	2534	2009
2540	2540	160	1857	611	157
2546	2546	1993	342	276
2552	2552	576	2026
2558	2558	2514	450
2564	1785	2564	163	1558	1159
2570	2570	1806	1928	480	667
2576	2576	2678	1051
2582	2582	462	2178	1718	409	411
2588	2588	2301
2594	2594	2306	411
2600	2600	2220	1409	163	523
2606	2337	2611	2606	2662	527	2459
2612	2612	26	2625	724	1903
2618	2618	2509	1269	453
2624	2624	2317	2429	1204	1931	1878	2702	2277
2630	2630	1826
2636	479	2636	2300
2642	2642	565	523	2368
2648	2648	1889
2654	2654	74	2421
2660	2660	1933	558	577
2666	2666	2411	451	2453
2672	636	2409	465	2672	565
2678	2678	2477	2576
2684	2684	2523
2690	591	2690	2053
2696	2696	2036	2695	672	98
2702	2702	881	2624
