1	1	344
5	5	490	2164
9	9	481	761	453	308
13	13	482	1234	578
17	17	146
21	1378	438	21	567	294
25	25	20	456	778	1181	1897
29	29	429	426	382	319
33	1701	33	250	1591
37	37	563
41	41	888	352	115	1713	892	2456	889	1716	1733	725	94	1982	23	533
45	492	45	220	1459	490
49	49	581	643
53	53	1439	1563	803	243
57	57	967	306	565	552	1459
61	61	240
65	743	65	744
69	69	66
73	73	747
77	77	337
81	81	647
85	552	465	565	85	425	294	2368
89	89	635	638	430
93	93	759	725
97	97	439
101	101	2686	2680	1112	331
105	105	248	1326	2434
109	109	2054	2053	967	2315	955	535	640	171	459	635	672	1296	1074	1888	778	884	1661	488	507
113	113	747
117	117	452	155	345	513
121	595	731	121	1990	1825
125	125	160	1857	394
129	1204	22	1728	538	2451	2165	129	2220	163	2193	2363	15	1409	2446	188	1973
133	133	608	394	611
137	137	416	748	138
141	188	163	141	1184
145	145	2296	2280	2251	2248	1218	1646	2521	163	2286	390	1530	1224
149	149	66
153	153	747	63	294
157	2417	1340	371	916	78	740	1550	181	560	2095	2021	393	716	1375	1017	1289	2230	1718	2680	157	1452	1637	897	2019	2540	979	214	1075	1038	766
161	684	161	1147	759	95	996	713	2311
165	165	432
169	169	570	212
173	173	2485	575	552	294	566	1378	565	162
177	177	1959	635	911	1489	430	885	2192	965
181	518	662	181	76	157	766
185	389	324	185	332
189	189	188	2664	42	163	2102	395
193	519	420	10	192	238	280	2549	193	74
197	749	197	295	633	3
201	201	1990	427	350	1718	143
205	205	745	600	747	427
209	209	2704	415	2334
213	213	734	490	492
217	217	685	747	2355
221	221	629
225	225	88	686	2428
229	229	747	477
233	233	1990	595
237	237	1060	163	329
241	241	763
245	245	1636	172
249	249	652	2649	86
253	2670	253	15	1815
257	257	36	667	480
261	261	345	626
265	265	100	758
269	269	24
273	273	38	372
277	277	567	483	294	552	523
281	281	858	460
285	285	30	486	1148	231
289	64	1278	1535	1534	1537	289	612	2568	1498
293	293	576	387
297	297	441	809	1321
301	46	489	301	238
305	305	410	552	82	565
309	309	163
313	1642	534	801	1354	313	1377
317	508	417	317	2326
321	2305	2179	1192	321	566	1954
325	325	1201	211
329	329	237
333	333	566	463	477	565
337	337	363	77	346	143
341	341	709	340	529
345	622	2421	76	2389	117	345	2266	1924	261	74
349	349	747
353	353	747	427
357	357	1563	2089	537	243	803
361	361	55
365	365	2112	364	590	2572
369	369	747
373	652	373	86
377	74	377	622
381	635	686	381	430	2342
385	565	385	567
389	389	1937	185	332	577	324
393	393	157	14
397	397	747	659	2346
401	442	401	632	2462	577
405	405	1592	753	1285
409	409	1298	1606	2582	753
413	413	611
417	317	417	508
421	421	255
425	425	565	85
429	29	429	1290	1514
433	433	184	432	158	428
437	437	14
441	441	638	297
445	445	690	318
449	479	449	638	1539	566
453	1124	549	876	1269	2618	2059	1566	706	453	9	2034	591	1712	2156	2354	2099	2455	1025	2098	1358	2092	1449	1661	514
457	457	649	166
461	461	427
465	465	466	85	566	2368	294	523	103	2672	118	565	2027
469	469	214	160	78
473	473	552	1459
477	477	745	333	427	2658	1645	566	294	1766	565	463	2409	229
481	481	9
485	485	2561	2380	2514	1838	711
489	2670	747	238	489	1815	301	46
493	493	427
497	497	2342	478
501	501	663	503	496	174
505	74	505	134
509	509	669	314
513	513	155	117	452
517	517	164	2509	1198	1170
521	521	1082	344	638	1259	156	2312	1081
525	525	1427	522	1425	1419	684
529	709	529	340	341
533	533	41	777
537	537	1204	357	606
541	541	183	454	1123	539
545	545	747
549	549	672	488	574	591	287	640	453	507	456
553	553	2459	123
557	557	423	558
561	561	745	747	427
565	565	2672	554	910	842	773	385	306	410	1616	1316	2485	1012	2118	1782	103	1213	502	1529	548	882	92	1741	1585	82	644	477	2	239	465	294	1376	118	671	57	1727	1790	1957	621	34	478	492	1438	566	1401	128	295	425	1540	1373	1440	2442	1546	283	85	523	1859	738	60	2472	2642	1378	173	1676	333	244	305	1975	2027	691	367	633	466	564	2480	575	2629	2628	601
569	1025	456	1092	1273	1181	1712	569	1457	550	2099	767	1430	514	255	1522	1986	1000	710	1269
573	573	464	270
577	577	2034	1532	389	1502	312	2660	401	2492	250
581	580	50	222	581	49
585	585	1061	378	911	2091	1275	335	2290	2291
589	589	282	1509	592
593	593	300	594
597	597	675	224	434	204	106
601	3	1741	565	601	552	611
605	605	676	576	476
609	609	747	719
613	613	232	2496	14	2107	616	2571	268
617	617	226
621	738	471	1859	552	621	565
625	625	700	659
629	629	612	1535	221	1537
633	611	1459	633	565	294	566	197
637	515	637	623
641	641	484	1739	376
645	645	211	742	51	312
649	649	479	752	2403	166	2560	2294	1643	96	2581	2123	457
653	552	653	2480
657	656	657	1581
661	661	76	1191	71	74
665	747	665	294	427
669	669	509
673	673	194
677	677	71
681	681	712	402	2309
685	685	747	217
689	689	967	1580	163	1826
693	693	531	1471	1501	648
697	697	642
701	701	15	638	1644
705	705	1910	519	192
709	709	529	340	341
713	713	347	161
717	717	2502	163	1122	1877	188	2568	523
721	721	188
725	725	48	41	93
729	729	67	1993	467	1945	342
733	733	566
737	737	747	2024
741	741	1157	747	687	204
745	1884	561	745	2336	205	355	124	1704	2437	18	477	962	666	1763	127	2162	386	91	1756	1932	600	458	687	2325	771	2165	1886	36	110	1885	1700	72	1157	1564
749	197	749	2485	483	552	1459
753	753	405	444	409
757	757	219	846	2058	188	755	163	1965
761	9	761	40	535
765	765	163
769	769	163	764
773	773	1687	656	565	1643
777	777	533
781	781	1533	1184	163	846
785	1155	785	1513	862	1328	1812
789	789	1206	415	1409
793	793	1467	1333	262	1249	1715	1455	1691	1734	1334	943	1110	1127	1330	1139	1694	959	1070	1205	1069	42	856	1380	163
797	797	1645
801	801	1542	313	1475
805	805	930	990
809	809	1080	919	812	1365	1229	814	1222	1615	1190	1129	908	1639	1044	297
813	813	163	1523
817	1367	819	818	817	1125	1212
821	821	607	1389	1421
825	1215	825	1707
829	829	962	1252	820
833	2001	1516	1796	833	1218	714
837	837	1686	1007	1489
841	841	1240	2559
845	845	784
849	849	1720
853	853	2423	1019	1053	1732
857	857	2060	1125	1483
861	861	1678	1236	1431
865	1505	251	865	795	2560	932
869	869	76	1374
873	873	1520	920
877	1651	1578	1569	877	1010
881	2423	2405	572	2702	2454	74	1256	1203	881	1119	1411	816	2295	2203	112
885	885	831	1335	177
889	889	892	1713	2153	41	904
893	893	1290	1259	1174
897	897	1240	157
901	901	1554	1497	1553
905	905	1397	976	1393	1287	558
909	909	913	1894	1527	827
913	913	827	909
917	1338	850	917	784
921	921	1265	1725
925	925	1532
929	2442	929	1559	740	71	1697
933	933	483	875
937	937	426	1234
941	941	1717	1441
945	945	1414	327	788	1287	62
949	1608	1512	949	74
953	953	972
957	957	967
961	1515	961	163	523
965	965	1060	1481	966	177	1673	981	1253	964	1432	1590	902	1140
969	969	954
973	973	993	802
977	977	1234
981	981	910	902	1140	965
985	1102	985	159	2038	2066
989	989	1418	1068
993	993	973
997	997	1271
1001	1001	1354
1005	1005	1313
1009	934	1009	1079	2175
1013	1013	1156
1017	1017	157	74	1574
1021	1021	1464
1025	1025	876	1449	1712	1238	569	1290	1388	453	1006
1029	1029	1090	2456
1033	1033	1174
1037	1037	1610	1470	427	1042	1028
1041	1041	1321
1045	1045	471	1540
1049	1292	1498	1049	1329
1053	1053	1568	1024	853	931	1191	1463	1197	1607
1057	1307	1359	631	1057	1484	627
1061	1061	585	1010	426	1651	1578	1244	378
1065	1065	1305	163	1153	1279	1106	1063
1069	1069	793	422	1096	1685	163	1455
1073	1073	1569	1636	1182	314	1112
1077	1077	1153
1081	1082	1259	1081	521
1085	1085	1292
1089	1089	1354
1093	1093	2228	355	2085	122	1659
1097	1097	1393
1101	1101	1111	1328	843
1105	1105	798	591	1026	2356
1109	1109	1328	2151	1570
1113	1113	1380	163	1153
1117	1117	1603	1261	2332	1225	562	910	1114	247	2089	1588
1121	1640	540	806	1344	1121	1138	643	1046
1125	1125	817	1496	166	818	1483	857
1129	1129	809	1190	1222	814	919	26	1080
1133	1133	719	1666
1137	558	1137	1459	1687
1141	1141	1172	1240	1241
1145	1145	1323
1149	1150	912	1323	2044	1149	1891
1153	1153	1070	1257	1675	1063	163	1455	1205	1204	1611	942	1127	856	1410	1077	1219	1065	1113
1157	1157	741	1700	1704	745	687
1161	1592	1560	2423	1702	1161	2657	2324
1165	1165	430	1327
1169	1169	1454	1284	524
1173	1173	318	1328	2583
1177	1177	1519	1180	1620	1627
1181	1181	25	569	1431
1185	1185	1521	1000
1189	1189	1687	638	1643
1193	1193	1183
1197	2634	1290	1197	1484	1053
1201	1201	1240	325
1205	1153	793	163	1205	1016
1209	1209	1215	539
1213	1213	738	565	1649
1217	1217	1349
1221	1221	1797	910	2703
1225	1225	1333	163	1117
1229	1229	809	1615
1233	1233	922	923
1237	1237	1521	1457	1422	1484	826
1241	1241	772	2559	1147	1347	912	998	1141	1240	84	950
1245	1245	1243	1524	1520	570	576
1249	1249	1474	1054	1734	1408	793	1728	1473
1253	163	1311	965	1253	811	910	1131
1257	380	1153	163	1872	1719	1257	2175	2259	2087
1261	1117	2089	1261	1114	247
1265	1265	1725	611	921
1269	418	1312	569	2618	1260	876	1269	453
1273	1273	1422	319	569	826	686
1277	1277	1533	2277	2470	1476	163	2152
1281	1346	948	1471	1282	1272	1281	1604	1451
1285	1285	405	1176	1298	770	1382	968
1289	1289	157	1452
1293	1293	2284	672	1606	1592	1600
1297	1297	1174
1301	1301	1266	1595	2346	960
1305	1106	728	1305	1016	1098	163	1274	1065	1575	1740
1309	1309	924	1186	1132
1313	1313	1005	1623	1382	1655
1317	1317	1354
1321	1321	1190	1041	297	1222	814	1080
1325	2170	1175	2309	1325	219
1329	1020	1986	1071	1329	2127	1049
1333	1333	1467	1708	578	1224	1207	1136	163	793	1369	1514	1225
1337	1337	2300	944	2343	1335	1020
1341	1341	1044	812
1345	1345	1640	1047	1344	1046
1349	1349	1217
1353	1353	934	2302	2317	294
1357	1461	1357	1511
1361	1361	1463
1365	1044	814	809	1365	812
1369	1369	1333
1373	1373	1366	565	1718
1377	288	1377	313	1642
1381	1524	570	1381	576
1385	1385	1706	1653
1389	1389	1050	2707	1079	821
1393	1393	905	1128	1502	976	1397	1414	1097	1437
1397	1397	905	1287	1393
1401	951	1554	1401	2605	562	565
1405	1405	427	1463
1409	1409	1797	2600	129	2220	2703	789	958
1413	1413	136	1102
1417	1417	1421
1421	1421	1417	821
1425	1425	1550	525	684
1429	1429	675	1208	1601
1433	1433	1026	1095	798
1437	1437	891	787	1393	1287	1593
1441	1441	941	1638	1717
1445	1442	1445	675	344	414
1449	1449	453	1025
1453	1210	539	1453	1152
1457	569	1457	828	163	826	1462	1237
1461	1461	1288	304	1593	954	1357
1465	1465	1354
1469	1469	1705	1364	1456	1003	1661	1004
1473	1473	1249	380	1474
1477	1477	1252
1481	1481	965	966	910	964	1573
1485	1485	1252	1159
1489	1489	177	837
1493	867	774	1493	611	1732
1497	1497	1126	580	901	1212	1163
1501	1501	693	447	1471
1505	1505	865	932	251	2560
1509	589	1509	592	1144
1513	1513	785	862	1812	1328	634
1517	1517	1612
1521	1237	1521	1185	1484	70
1525	1276	1415	1506	1503	1525	1504
1529	1529	882	565	1314
1533	1533	900	781	970	846	1730	1277
1537	629	1535	289	1556	1537	1348
1541	1541	1395
1545	1086	1545	1909	1582
1549	1549	339	1602
1553	1553	1554	1552	82	901
1557	1557	650	691	1649	1687
1561	1561	967
1565	1565	899	1088
1569	1569	1008	1726	1182	1010	1486	1073	430	208	1609	1011	877	1587	1327	1721	1684	1679
1573	1481	764	1573	910	163	1432	2174	1673	636
1577	1577	1580	658	427	343
1581	764	1581	657	1447	1515	1711
1585	804	565	1585	738
1589	1589	910
1593	1593	1288	1116	1461	978	1437
1597	1148	1138	1597	1534	486
1601	2423	1429	1644	1155	1601	224	1428
1605	1605	1491
1609	1609	1569
1613	1613	1619	784	1162	99	1614
1617	1617	1107	430	236
1621	1621	1448	300	594	824	1194	752
1625	1625	1580
1629	1629	796
1633	1633	1471
1637	1637	1562	430	157
1641	1641	1086	71	558
1645	1645	204	477	797
1649	1649	1557	148	1213	1228	1687	868	691	1643
1653	1653	1385
1657	1657	1307	1595	1462	1422
1661	1661	1469	1358	791	453	109
1665	1665	539	883
1669	1669	1236
1673	965	1673	966	910	964	1573
1677	1677	1120
1681	1681	1682
1685	1455	422	163	1685	1069
1689	38	538	1689	1738	163	219
1693	1693	1228
1697	1697	804	1683	1667	1599	929	1559	1664	16	1703
1701	1701	36	832	1591	33
1705	1469	1364	1705	2356	459
1709	839	59	570	1709	1520
1713	1713	1991	138	1978	1982	1870	889	2153	1992	2510	1716	41	2002	115	892	416	468
1717	941	1380	1717	163	1441
1721	1721	1569
1725	1725	1265	921
1729	1729	1110	163	1016
1733	1733	41	904
1737	1737	1736	380	415	1178
1741	1841	738	601	1741	565	492
1745	2175	1745	2641
1749	1749	2164
1753	1753	2268
1757	1757	2221	2341	1842	1268
1761	1761	2208
1765	1765	1938	1770
1769	1769	1696	2330
1773	1773	2545
1777	1777	2064	1802
1781	1781	2663	1819
1785	1785	2564
1789	1789	2469
1793	2082	1795	1793	2178	1775	2181
1797	1797	1221	1409	2200
1801	1821	1814	1801	576	1067
1805	1805	2289	1804
1809	1809	2585	2071
1813	1813	1818	2393	503
1817	1817	2464
1821	1801	1821	834
1825	979	1966	1825	978	68	121
1829	1829	2421
1833	1833	2367
1837	1837	382	2132
1841	1841	1741	564
1845	1845	979	1844	68	1979
1849	1849	2163
1853	1853	2320	1861
1857	1857	2020	2681	2540	160	125
1861	1861	1853
1865	1865	2107
1869	1869	1754	2409
1873	1873	1998
1877	578	717	2215	251	1877	414
1881	1881	2450	344	2449
1885	1885	1902	1886	745	1884
1889	1889	2648	730	562	2586
1893	1893	1908	102	1895
1897	1897	1003	640	732	25	2146	2182
1901	1901	2301	1800
1905	1905	1834	163	55
1909	1582	632	2677	1909	1545
1913	1913	1803	416
1917	1917	2334	1796
1921	1921	1408	2402	523	1931
1925	1925	2392	2133	2206
1929	1929	2349
1933	1933	36	2660	748
1937	1937	1064	623	107	2293	389
1941	1941	748	1926
1945	1993	1945	342	729
1949	1949	1960
1953	1953	2107
1957	1957	565	2536
1961	1961	2527	2100
1965	757	2089	1965	712
1969	1969	2200	2051	2309	2363
1973	1973	2451	247	129
1977	1977	2318	2219	2153	2510
1981	1981	1915	2491
1985	1985	2065	995	1231
1989	1989	1882
1993	1993	2546	276	1945	342	729
1997	1997	1996
2001	2001	1796	833
2005	2005	2345
2009	2009	2534
2013	2013	74	2382
2017	2017	1582	2677	1479
2021	2021	87	157	2218	2428
2025	2025	2693	2153	2377
2029	1818	2029	1952	2393	503
2033	2033	430	2622
2037	2037	2151	1584	288
2041	2041	1744
2045	2045	638	2550
2049	2049	2306	2218	2410
2053	2053	2690	488	109	2685	2054
2057	2215	1510	2057	790	2465	2695
2061	2061	2062	96	215
2065	1985	2065	2086
2069	2069	2434	260
2073	2073	1818
2077	2077	743	744	163	2030
2081	2081	1910	2159	2366
2085	2085	1093	2228	1094
2089	2089	1117	1965	1603	1261	357	714	1530
2093	2093	283	1990
2097	2097	1994	1995
2101	2101	2470
2105	2105	2621
2109	2109	2185
2113	2113	2586	2623
2117	2117	2639
2121	2121	2212
2125	2125	2116
2129	2129	2454
2133	2133	1925	2206	2199
2137	431	2137	2508	430
2141	2141	2511	2418
2145	2145	2408
2149	2149	2194	2190	1955	2188
2153	2153	2318	2219	2022	1716	1713	115	2002	2699	1992	889	1977	1982	2008	2025
2157	2565	66	2157	288
2161	2161	1326	2167
2165	2165	129	745	538	2363	2193	1143
2169	2169	1290	2420
2173	2173	163	2204	846	636
2177	163	2177	1883
2181	2181	1795	1788	1793	2143	2178
2185	2185	2109
2189	2189	2194	2188	2365	2190
2193	2193	2165	129	538
2197	2197	430	2342
2201	2201	2233
2205	2205	1799
2209	2209	2689
2213	2539	2126	2213	2290	1259	2253
2217	2217	2282	1007
2221	2221	1757	1527	2404	1459	566
2225	2225	2423	256	1608	1732
2229	2229	2663	344	1428
2233	2233	636	703	2201
2237	2237	2274	2170
2241	2241	1994
2245	2245	2471	87	2243
2249	2249	2175	2271
2253	2253	2213	2591
2257	1768	2257	1767	247	22	2444
2261	2261	2259	1719	2206	2087
2265	2265	163	2347
2269	2269	2277
2273	2273	2360
2277	2277	1277	2269	2252	1931	2624
2281	2281	2429	1134
2285	2311	2285	2138
2289	2289	1804	1805
2293	2293	1937
2297	2297	2304
2301	1901	2301	2588	1907
2305	2305	321	2183	2150
2309	2309	538	403	1969	1325	681
2313	2313	2208
2317	2624	2317	2429	1353
2321	2321	2370	2186	2187
2325	2325	2538	611	745
2329	1290	672	1918	2329	1428	2080	2589
2333	2333	102	2135	2583	318
2337	2337	2610	2218	2606
2341	2341	1172	559	2425	623	1757	788	1842
2345	2345	2511	2418	2005
2349	2349	1929
2353	2353	415	2334
2357	2357	2499	1656
2361	139	2216	2361	163	2175
2365	2668	2189	2365	2190
2369	256	426	2369	2607
2373	2373	2507	1366	2374	916	2414	2413
2377	2377	491	2025	468
2381	2667	1606	2381	687
2385	2385	2676	611	2499
2389	2389	345	2421
2393	2393	1813	496	1952	1896	2029	663
2397	2397	2203	2405
2401	2401	1988
2405	2405	2203	1119	881	2397
2409	1869	2543	477	638	2027	174	2409	1644	2672
2413	2413	2373	2239	1366	668	1718
2417	2417	157	2532
2421	2421	115	1868	74	2590	263	2389	1829	1856	1906	2654	345	2266
2425	788	2425	423	2341	2474	62
2429	2624	2281	2317	2429	2667	2152	1143
2433	2433	2437
2437	2437	2433	427	745
2441	2441	2585	66	344
2445	2445	2268	2275
2449	2449	2450	1881	2158
2453	2453	427	2666
2457	2457	690	1980
2461	2461	1078	2492	1076
2465	228	2465	638	2057
2469	2469	1789
2473	2551	551	434	2473	1192
2477	2477	2678
2481	2481	1858
2485	2485	173	566	565	2480	1378	749	575	1816
2489	2489	2371	2372	1126	643
2493	2493	2426	1428
2497	2497	1915
2501	2501	611	2260
2505	2505	359	611	2499
2509	2509	2618	1962	517
2513	2513	2239	310	74	2374	1366
2517	2517	2533
2521	145	2521	2164	163	2529
2525	2525	1527	2088
2529	2529	2294	2521
2533	2533	2517
2537	1927	2537	451	1846	2198
2541	2673	638	2541	686
2545	2545	1794	1773	1795	2082	2178
2549	280	2549	519	2608	193
2553	2553	1875
2557	1947	686	2557	163	430
2561	2561	719	1527	1908	485	2380
2565	2565	2157
2569	2569	1820
2573	2573	1942
2577	1020	2577	2367	2180	2508	2342
2581	2581	649	2403
2585	2585	1263	1830	1809	2441
2589	2589	2424	344	2329
2593	2593	430	634	2342
2597	2597	2256	1698
2601	2601	2631
2605	2502	951	986	2605	1401
2609	2609	2080	344	2079
2613	2613	1756
2617	2617	2091	1428	1275	344	228
2621	2621	2105
2625	2625	2612
2629	2629	2628	738	565	2536
2633	2633	2182	2011
2637	2637	2652
2641	2641	380	1745
2645	2645	1854	2482
2649	2106	735	2436	2649	1956	249
2653	2653	672	456	2028	1363
2657	2657	2423	1161
2661	2661	2375	2242	2506	2159	1910
2665	2665	2395
2669	2669	2596
2673	2673	1224	2541	163	995	638
2677	2677	2017	1909	1582	2338	1339
2681	2681	1857	160	78
2685	2685	2053	2054
2689	2689	1975	2209
2693	2693	2025
2697	2697	1759	2698	2700	2288
2701	2701	2247	2263
2705	2705	1839	2216	1840	1784
