4	4	170
10	193	10	192	280	420	519
16	16	1697	566	552	466
22	22	1790	191	163	2257	129
28	28	586	611	1718	1606
34	35	565	34	566	559	66
40	40	761
46	46	867	489	301	238
52	478	2487	52	430	2580	228
58	58	2495	990	1891	536
64	64	284	486	583	289
70	70	1692	1986	1521	255	999	931
76	76	1934	975	131	250	694	1128	869	345	2532	661	181	2327	1548	2390	392	518
82	82	295	1553	410	1440	239	1378	39	305	565	548
88	88	682	44	251	587	371	762	116	760	208	225
94	94	41	126
100	100	758	1611	265
106	106	597
112	112	881	572	747	624
118	118	636	465	565
124	127	2400	124	747	745	122
130	672	640	130	459
136	136	479	986	2172	1259	1370	2580	2543	2399	1413	1479	2487	2635	1776	1539	244	92	1102	159	2231
142	142	227	520	1283	823	391	1547	1318	230
148	148	460	656	1649	210	1687
154	74	154	392
160	469	2681	322	160	2540	125	1857
166	166	1125	649	457
172	172	245	430	635
178	178	378	286
184	184	433	432	158	428
190	356	190	519	2223
196	196	707	216	195
202	202	72	204	771	747	427
208	208	635	2343	1270	430	1569	88
214	214	78	587	157	469
220	220	45	490	552	295
226	226	617
232	232	268	14	613
238	1815	238	301	46	193	489
244	244	750	565	136
250	708	250	694	31	170	577	427	76	498	33	736	107	639	499	584	108	304
256	256	983	2369	635	928	430	634	2225
262	262	188	1980	266	793
268	268	2046	14	258	613	232	616	2571
274	274	204	566	478
280	280	193	2549	519	10	192
286	286	1963	178	378	2195
292	292	759	904
298	552	298	410
304	1912	304	108	427	1461	250
310	310	668	2513	747	74
316	316	344
322	322	2508	1644	1027	160	15	967
328	328	747	2619
334	334	267	20
340	709	340	529	341
346	337	346	143	163	363	132
352	352	1372	41	904
358	358	95	1255
364	364	365	590	366
370	875	370	552	562
376	376	558	704	641
382	1837	382	2132	1236	29
388	388	439	2590
394	394	133	608	125
400	14	400	2360	258	555	2354
406	311	2307	406	427	230
412	412	552	688
418	418	135	1269	479	1312	1198	740
424	424	571
430	430	1698	635	1020	2137	2197	1568	236	1617	1284	1165	381	223	2593	632	2033	2487	119	1637	683	1207	524	208	1270	547	2557	1792	686	172	89	2343	52	1569	651	177	256	634
436	436	635
442	442	401	635	1908
448	448	163	191
454	454	541	183	539	1368
460	460	281	148
466	466	552	294	566	465	16	565
472	472	1006	650	552	566
478	478	479	218	303	754	215	96	227	523	565	497	520	618	470	396	568	52	274
484	484	1574	641	642
490	490	213	45	6	734	5	220	492
496	663	496	1896	2393	501
502	2536	502	565	747	567	294
508	317	2326	523	508	417
514	514	506	569	453
520	719	520	142	478	524	230
526	526	747	427
532	532	27
538	1036	2193	2165	1689	129	15	1204	2309	538	402	487	1738
544	544	751	258	14	0
550	1422	2423	569	550	438
556	556	615	555	2354	2360
562	562	1183	370	60	671	2014	1401	1117	2018	252	440	1889
568	568	478	843
574	574	2040	1006	1827	2475	549	640	672	1962	242	2360
580	580	1212	1497	922	1126	581	1215
586	586	28
592	592	1509	282	589	1144
598	598	432	302	428	158	307
604	604	74	668
610	610	747	427
616	616	2046	268	438	613
622	622	377	74	345
628	628	747
634	256	686	635	1570	2593	634	430	1513
640	2054	199	640	130	574	591	732	109	287	2475	1897	635	20	1363	459	549
646	646	450
652	652	249	373	86
658	1577	163	658	427
664	664	350	978
670	670	603
676	676	605	1014	1056	1091
682	682	88	1791	2430
688	412	207	566	688	552	1248	835	252	60
694	694	76	250
700	700	625	624	747	879
706	706	453
712	1036	712	219	415	681	2664	1965	54
718	718	611	271
724	724	747	2612
730	730	351	1889	350	770
736	736	250	14	1116
742	742	772	1240	645
748	748	1941	137	1926	1933	138
754	754	478
760	760	88	686	2428
766	766	181	2532	979	78	518	157
772	2076	1240	742	768	1147	2167	1502	312	1241	51	772	2166
778	778	56	109	25
784	784	917	1338	845	1613
790	1510	790	2057	1234
796	796	1629
802	802	973	1168
808	808	731	359	863	1450	1320	1342
814	814	1080	809	812	1365	1321	1044	1129
820	820	1115	829	1146	1252
826	826	1237	1422	1457	1273	1606
832	832	1701	1052
838	838	1458
844	844	1784	55	974	1184	934
850	850	917
856	1153	856	793	163	1016
862	862	785	1407	1513	986	1812	638	2423	1155	1019	2364
868	868	1643	1649
874	874	839	1520	59	570	576
880	880	1523	815
886	886	1295
892	892	138	1713	41	904	1716	889
898	108	1687	898	107
904	904	292	889	1733	892	115	1372	352
910	910	1117	902	1481	1221	811	1131	1590	981	1573	1673	1589	163	565	1432	523	982	1140	1253	964	1311	966	764
916	916	157	427	2373	1038	2686	2374
922	922	1233	923	580	1416
928	983	1636	928	256
934	940	380	1009	934	1631	844	1353	860
940	940	163	934
946	946	1179	427	1600
952	1660	952	1064
958	958	1409
964	964	1481	1673	910	966	1432	902	1140	965
970	970	974	1396	1378	1533	567
976	976	905	1268	1287	1393
982	910	982	163	247
988	988	1515
994	994	1354
1000	1000	931	569	1185
1006	1006	574	472	2040	1025	2360	876	650	242
1012	1012	882	565	295
1018	1018	1139	1136	1142
1024	1024	1053	74	2338	1335
1030	1030	1796	1946	163	1136
1036	1036	1662	538	712
1042	1043	1435	206	1042	1028	1037
1048	1048	984
1054	1054	1249
1060	1060	1136	2039	237	965	163	1523	1890
1066	36	1066	1052
1072	1072	1520	839	354
1078	1078	1076	2461	1086
1084	1084	2035	858	991
1090	1090	1023	1029
1096	1096	1069
1102	1102	1174	985	1370	136	1479	1413
1108	1108	1507	1506	1503	1504
1114	1114	1117	1371	1696	163	1261	1603	1588	602
1120	1677	1120	2275
1126	1126	2372	2371	2489	580	1497	583	923	1212
1132	1132	1309
1138	806	1138	1597	1121	1344	1420	2706
1144	1144	592	1509
1150	1630	1323	1150	912	1149
1156	1156	1013
1162	1162	1613
1168	1168	802
1174	414	1174	902	1074	893	1033	1135	1102	303	1297
1180	1180	1177	1620
1186	1268	492	1186	591	1309
1192	321	1192	2473	2150	875
1198	1198	859	418	1296	1170	517	1683
1204	1204	537	1153	129	2624	538
1210	1210	883	539	1453
1216	1216	1571	1299	1719	1035
1222	1129	1222	809	1321
1228	1228	1693	1688	1649	1687
1234	1234	1275	790	977	1510	1187	1263	13	1226	937
1240	1240	897	841	999	1147	912	1201	742	998	1086	987	950	1141	1241	1527	84	1347	772
1246	1246	570	1520
1252	1252	1477	1115	1485	907	830	1634	829	918	820
1258	1258	1520	570	576
1264	1264	1738	1134
1270	1270	2342	430	1335	208	627	236
1276	1276	1506	1503	1525	1504
1282	1282	1446	1494	948	1281	1022	1471	1272
1288	1288	1461	1593	1091	1414	107	787	108	1128	1502	499
1294	1294	915
1300	1320	1300	1342
1306	1306	1310	1499	1050	607
1312	1312	418	344	638	1269	1428	1260	1622
1318	227	427	1318	142	1283
1324	1324	260	1543	1747	2076
1330	1330	793	1167
1336	1336	1478	1027
1342	2454	1342	1300	359	808
1348	612	1535	1348	1047	1537
1354	1047	1680	1426	75	1674	1304	1089	1123	1420	313	1176	806	479	1188	1040	1039	1354	1465	1317	994	1695	992	1001	911
1360	1360	1095
1366	1366	2374	2373	2413	2513	2414	2562	2239	1373
1372	352	904	1372	896
1378	173	2485	1540	1378	970	239	1440	575	82	565	21	882	559
1384	1384	1383
1390	1390	1491
1396	1396	970
1402	1402	847
1408	1408	1931	1921	1249
1414	1414	1288	1393	1287	788	945	1268
1420	1420	1354	1047	1138
1426	1426	1354
1432	1432	965	910	964	1573
1438	1438	807	294	565
1444	1444	1442	1135
1450	1450	1710	731	808
1456	1456	308	1095	1343	1469
1462	1462	1657	1457
1468	1468	848	638	847
1474	1474	1249	1473	1728	380
1480	1480	924	1532
1486	1486	1008	426	1569
1492	1492	1050	1724
1498	1498	2450	1351	289	1071	1049	1483	1534	582	1163	163	2158	2398
1504	1504	1506	1308	1108	1276	1507	1503	1415	1525
1510	1510	790	2057	1234
1516	1516	1136	833	1218
1522	1522	569	1484
1528	1528	151	426	1487
1534	1534	1163	1597	1148	1556	289	1122	1498	1278
1540	1540	1443	1378	1459	565	1118	1045	842
1546	1546	1376	565	63
1552	1552	1554	1212	1553
1558	1558	2564	163	1136
1564	687	1564	899	745	611	1672
1570	1109	1339	1164	1570	1111	1678	634
1576	1576	375	1266	426	1595
1582	1582	1909	1086	1545	1908	2677	632	2017
1588	1588	2334	1114	1117
1594	1594	163	1136
1600	1600	411	1293	946
1606	1606	409	1293	28	826	2381
1612	1612	1517
1618	1618	2343	1220	1112
1624	1624	1550
1630	1150	1195	1630	1203
1636	1636	1073	2074	928	1684	983	245
1642	1642	986	313	1475	1377
1648	1648	1355
1654	1654	852	1338	855
1660	1660	1083	952
1666	1666	719	1133
1672	1672	696	899	1564	294	903	807	1352
1678	1678	1570	1339	378	861
1684	1684	1647	1636	1569	314	1182	1726
1690	1690	1736	995	1178
1696	1696	1771	2250	2175	1971	1114	163	2330	1769	1334	1943	1872
1702	1702	1199	1161
1708	1708	1333
1714	1714	1458
1720	1720	849
1726	1726	1684	1569	1679	1182	314
1732	853	1732	2225	1644	611	1493	2423
1738	1264	1738	1689	219	538
1744	1744	2041
1750	1750	2106
1756	1663	2613	1756	2603	168	745
1762	1762	2694	571	2495
1768	1768	2257
1774	1774	990	2619	1891	1968
1780	1780	2007
1786	1786	2207
1792	1792	430	2067	163	582
1798	1798	2120
1804	1804	2289	1805
1810	1810	1766
1816	1816	1934	558	2485	559	566
1822	1656	1822	2662
1828	1828	2018	567	2014
1834	1834	1905
1840	1840	2688	2705
1846	1846	1847	2537	1927
1852	1852	99	2592
1858	2528	1858	2481
1864	1864	1855	1854	2276	2122
1870	1870	1713	2362
1876	1876	2634
1882	1882	1989
1888	507	1888	2427	109
1894	909	1527	827	2144	1894	2524
1900	1900	2492
1906	1906	2421
1912	1912	304	1932
1918	1918	1290	2329
1924	1924	345	2040	2327
1930	1930	2512
1936	1936	1943
1942	1942	2573
1948	1948	1746
1954	1954	2183	321	98	978	2222	2150
1960	1960	1949
1966	1966	1825
1972	1972	2620
1978	1713	1978	2510
1984	1984	2206	2379
1990	201	2093	1990	121	233
1996	1996	1997
2002	2002	2510	2153	1713
2008	2008	2022	2153	2219
2014	2014	1828	562	2018
2020	2020	1857
2026	2552	1922	2026	570	576
2032	2032	344	2171
2038	2038	2692	985
2044	80	2683	2044	427	1149
2050	2050	611	2378
2056	2056	271	2095
2062	2062	2061	2066	2052	2060
2068	2068	355	2228
2074	2074	1647	2615	2607	1636
2080	2080	1290	2329	2609
2086	1231	2086	2065
2092	453	2092	2015
2098	2099	2098	453	2156
2104	2302	2104	403
2110	2110	1827	299
2116	2116	163	2125	1775
2122	2122	1864	1855	1854	66	75
2128	2479	2128	2030
2134	2134	2644
2140	2140	623	2292	1898	1268	2108
2146	2146	1897	2182	1004	638	1003
2152	2429	2152	1277
2158	2158	1498	2449
2164	515	5	1749	2164	2094	2521
2170	2170	1325	2237
2176	2176	1914	2535
2182	2182	2011	1897	1003	591	2146	2633	1835	1748
2188	2188	2194	2190	2149	2189
2194	2194	2149	2190	2189	1955	2188
2200	1797	2703	2200	163	1969
2206	2206	2261	1911	1925	2379	2175	2133	1984
2212	2212	2121
2218	2218	2337	2049	2021
2224	2224	1827
2230	2230	157	608	2095	611
2236	2236	2262	2542	2435
2242	2242	1910	2661	2458
2248	2248	2296	163	145
2254	2254	2347	2039
2260	2260	611	2501
2266	2266	2421	345	74
2272	1176	2272	1866
2278	2278	2284
2284	2284	2283	2278	74	1293
2290	2290	378	344	1275	2213	585	2291
2296	2296	2251	2248	163	145
2302	2302	2104	1880	2111	403	1353
2308	2308	2652	240
2314	2314	2187
2320	2320	2511	1853
2326	2324	2326	317	508
2332	2332	1117	2334
2338	2338	1478	1024	2677	2127	1986	2443
2344	2344	2707
2350	2350	2168	1004
2356	2356	1705	1105	2246
2362	2362	1870	2510
2368	2368	85	465	2642
2374	2374	1366	2507	916	2513	2373
2380	2380	288	2294	485	2514	1838	215	2561
2386	2386	2387
2392	2392	1925
2398	2398	2399	2372	2184	1498	583
2404	2404	1459	2221
2410	2410	204	1811	2049
2416	2416	2375	1910	2506
2422	2376	359	2422	2499	2500
2428	1860	2428	116	760	2042	2021	225	44
2434	2434	105	1326	2069	1747	2160
2440	2440	2543
2446	2451	247	2446	129
2452	2452	2595	1315
2458	2458	2366	2506	2242
2464	2464	1817
2470	2470	2646	2643	1277	2101	1230
2476	2476	294	2472
2482	2482	2123	2645	1854	1855
2488	2488	1910
2494	2494	2063
2500	2500	2499	2422	2498	2376	2322	1068
2506	2506	2416	2458	2661	1910	2575	2366
2512	2512	1930
2518	2518	163	2298
2524	2088	2166	260	1527	2524	1894
2530	2530	2415	2090
2536	2536	502	2629	1957
2542	2236	2542	2262
2548	2548	507	2427	2391
2554	2554	163	1850
2560	2560	2555	1505	251	649	323	865
2566	62	2566	2531
2572	2572	365	2112
2578	2578	99	2679
2584	2584	2632
2590	388	2421	2590	420	519
2596	2686	2669	2596	2680
2602	2602	2070
2608	2608	519	2549
2614	2614	2616	2484	1644	986
2620	2620	1972
2626	2626	1843	2399	2656
2632	2632	2584
2638	2638	163	2202
2644	2644	2134
2650	2650	204	2215
2656	2656	799	2626	1699
2662	2662	527	1822	2606
2668	2668	2365
2674	2674	159	2543	1352	2066
2680	101	157	2680	2596
2686	2686	916	2596	101
2692	2692	2172	1370	2038
2698	2698	1759	2697	2700
2704	2704	2407	209
