1	1	344
3	3	601	197	463
5	5	490	2164
7	7	258
9	9	481	761	453	308
11	11	624	659
13	13	482	1234	578
15	80	538	129	701	15	253	234	322	254	152	399
17	17	146
19	19	74	571
21	1378	438	21	567	294
23	23	41	759
25	25	20	456	778	1181	1897
27	27	84	532
29	29	429	426	382	319
31	250	14	31	1116
33	1701	33	250	1591
35	35	34
37	37	563
39	39	24	82
41	41	888	352	115	1713	892	2456	889	1716	1733	725	94	1982	23	533
43	43	747	576
45	492	45	220	1459	490
47	47	87
49	49	581	643
51	51	772	645	2559
53	53	1439	1563	803	243
55	1905	163	55	361	844	1832	1784
57	57	967	306	565	552	1459
59	59	576	874	1520	570	1709	839	872
61	61	240
63	63	210	739	153	1546
65	743	65	744
67	67	729
69	69	66
71	71	74	1641	677	1559	1923	929	2442	661
73	73	747
75	75	1354	2122	288	2299	1123	1854	1855
77	77	337
79	438	79	2207
81	81	647
83	83	747	294
85	552	465	565	85	425	294	2368
87	87	2021	719	2245	383	47
89	89	635	638	430
91	91	747	745
93	93	759	725
95	95	358	1255	759	161
97	97	439
99	99	1255	2679	1722	1619	1852	1803	1613	759	2578	2592
101	101	2686	2680	1112	331
103	103	565	128	471	294	465
105	105	248	1326	2434
107	250	1937	1288	898	107	498	108
109	109	2054	2053	967	2315	955	535	640	171	459	635	672	1296	1074	1888	778	884	1661	488	507
111	111	350
113	113	747
115	138	115	1713	41	2421	904	2153
117	117	452	155	345	513
119	119	686	430	228
121	595	731	121	1990	1825
123	123	553
125	125	160	1857	394
127	127	745	747	124	18	2228	122	2400
129	1204	22	1728	538	2451	2165	129	2220	163	2193	2363	15	1409	2446	188	1973
131	131	76
133	133	608	394	611
135	135	418	654
137	137	416	748	138
139	2361	139	188
141	188	163	141	1184
143	363	143	346	337	201	180
145	145	2296	2280	2251	2248	1218	1646	2521	163	2286	390	1530	1224
147	147	479
149	149	66
151	151	360	1595	1528
153	153	747	63	294
155	155	513	84	117	12
157	2417	1340	371	916	78	740	1550	181	560	2095	2021	393	716	1375	1017	1289	2230	1718	2680	157	1452	1637	897	2019	2540	979	214	1075	1038	766
159	159	2172	2543	136	2066	2674	985
161	684	161	1147	759	95	996	713	2311
163	163	189	1379	1650	1218	2396	2563	1457	346	1691	689	1136	1971	2177	191	1225	2173	910	743	1498	982	2667	2604	530	2200	2554	1206	1127	2296	1205	2673	935	2265	606	1775	2518	1850	1807	1139	1696	1362	1030	1905	1070	402	1571	1404	1274	1611	266	940	1277	1060	1734	2295	309	546	1715	2521	1689	2363	2600	2196	174	1675	1286	813	145	800	1253	1590	1799	129	765	1099	1575	2286	1729	390	727	1334	1792	781	2451	602	1380	1717	2564	1890	942	141	2274	2077	55	1224	1872	2039	1544	1207	42	961	624	290	1573	1558	2232	2361	2659	744	1572	2316	1305	415	188	1536	219	2557	448	1110	1784	22	523	2202	395	1069	1515	1178	2175	1303	966	793	1130	1467	1219	757	1685	1159	658	1410	717	1728	380	714	2298	1831	1065	1098	563	2248	2251	1943	2280	1113	2638	856	2204	1530	237	2259	422	1257	1594	2116	1114	659	1333	1153	769	1106
165	165	432
167	554	167	559	552	1459
169	169	570	212
171	171	109	114
173	173	2485	575	552	294	566	1378	565	162
175	175	747
177	177	1959	635	911	1489	430	885	2192	965
179	179	608	331	611
181	518	662	181	76	157	766
183	183	541	454	66	539
185	389	324	185	332
187	187	462
189	189	188	2664	42	163	2102	395
191	395	22	191	163	448	294
193	519	420	10	192	238	280	2549	193	74
195	195	196	735	707
197	749	197	295	633	3
199	199	591	640
201	201	1990	427	350	1718	143
203	359	747	203	2499
205	205	745	600	747	427
207	207	1536	1676	747	688
209	209	2704	415	2334
211	2076	325	211	1527	645
213	213	734	490	492
215	215	2380	696	2061	66	478
217	217	685	747	2355
219	219	712	757	563	1689	402	1404	163	1325	38	1738	846	2563
221	221	629
223	223	430	686
225	225	88	686	2428
227	227	142	1547	438	296	2319	823	378	478	638	1318
229	229	747	477
231	231	30	486	285
233	233	1990	595
235	235	747
237	237	1060	163	329
239	239	82	565	552	1378
241	241	763
243	243	53	728	357
245	245	1636	172
247	247	1117	1261	500	2446	563	1973	2257	982
249	249	652	2649	86
251	251	865	1505	6	482	2560	932	1877	88
253	2670	253	15	1815
255	255	421	767	569	70
257	257	36	667	480
259	259	320	582	228
261	261	345	626
263	668	263	74	2421
265	265	100	758
267	267	20	334	459	732
269	269	24
271	718	271	2056
273	273	38	372
275	275	464
277	277	567	483	294	552	523
279	279	464
281	281	858	460
283	283	2093	565	523	747
285	285	30	486	1148	231
287	287	549	591	640
289	64	1278	1535	1534	1537	289	612	2568	1498
291	291	487
293	293	576	387
295	295	210	220	1316	471	82	1782	1012	197	565	2078
297	297	441	809	1321
299	299	2110	1827	596	746	2083
301	46	489	301	238
303	303	478	426	2091	1174
305	305	410	552	82	565
307	307	735	598
309	309	163
311	311	552	406
313	1642	534	801	1354	313	1377
315	315	747
317	508	417	317	2326
319	319	29	1273
321	2305	2179	1192	321	566	1954
323	323	140	2467	2560	1322	228
325	325	1201	211
327	327	1532	945	1899	324	326
329	329	237
331	331	774	179	101
333	333	566	463	477	565
335	585	378	344	335	426
337	337	363	77	346	143
339	339	495	342	1602	1549	270
341	341	709	340	529
343	1571	1274	343	530	1303	1523	1098	1577
345	622	2421	76	2389	117	345	2266	1924	261	74
347	84	999	713	347	452	998
349	349	747
351	351	350	730
353	353	747	427
355	745	2068	1094	355	576	1562	1093
357	357	1563	2089	537	243	803
359	1068	808	2322	2422	1320	330	1871	1342	2498	203	2376	359	1787	2499	2567	2505
361	361	55
363	363	337	143	346
365	365	2112	364	590	2572
367	367	565	440	552	483
369	369	747
371	371	2507	157	88
373	652	373	86
375	375	836	1576	638	635
377	74	377	622
379	756	379	176
381	635	686	381	430	2342
383	383	87	631	638
385	565	385	567
387	387	293
389	389	1937	185	332	577	324
391	391	230	142	1283	427	438
393	393	157	14
395	395	189	163	191
397	397	747	659	2346
399	15	1251	399	427	1250
401	442	401	632	2462	577
403	403	2104	2309	2302	402
405	405	1592	753	1285
407	1875	1763	407	512	1298	2439
409	409	1298	1606	2582	753
411	411	2232	1600	512	1891	2594	536	1470	2582
413	413	611
415	188	712	1790	209	1836	1737	1832	523	415	2353	789	163	995	2664	2103
417	317	417	508
419	419	1326	248	1527	260	398	1747
421	421	255
423	558	423	1290	557	1934	62	2425
425	425	565	85
427	427	2024	477	353	561	696	658	946	1999	205	916	954	2448	584	1975	406	461	1488	698	1760	1405	1399	1340	1577	2683	1103	250	2383	1811	201	2255	2437	304	146	2306	2574	1547	2258	2044	665	823	1037	1274	391	312	1766	18	2388	1914	610	350	587	1318	526	230	674	2412	202	493	1283	494	1284	2658	2453	2295	399
429	29	429	1290	1514
431	431	1608	156	2137
433	433	184	432	158	428
435	751	435	8	258	14	0
437	437	14
439	439	97	420	388	192
441	441	638	297
443	443	14
445	445	690	318
447	447	1471	630	1501
449	479	449	638	1539	566
451	2666	552	451	2537
453	1124	549	876	1269	2618	2059	1566	706	453	9	2034	591	1712	2156	2354	2099	2455	1025	2098	1358	2092	1449	1661	514
455	455	552	374
457	457	649	166
459	459	109	130	1705	640	267
461	461	427
463	3	333	564	463	477	483
465	465	466	85	566	2368	294	523	103	2672	118	565	2027
467	467	2016	2000	342	495	464	276	270	729
469	469	214	160	78
471	471	621	1045	2	103	1632	295	1859
473	473	552	1459
475	475	168
477	477	745	333	427	2658	1645	566	294	1766	565	463	2409	229
479	136	2300	449	92	2636	478	479	649	418	147	1354	1627
481	481	9
483	483	566	277	294	749	552	650	463	933	367
485	485	2561	2380	2514	1838	711
487	538	487	291
489	2670	747	238	489	1815	301	46
491	491	2318	2377	468	182
493	493	427
495	270	342	495	467	339
497	497	2342	478
499	499	250	1287	1288
501	501	663	503	496	174
503	503	2029	174	1952	1813	501	2396	1851
505	74	505	134
507	507	2548	549	2427	1888	109	2391	798
509	509	669	314
511	511	611	74
513	513	155	117	452
515	515	2164	637
517	517	164	2509	1198	1170
519	519	192	193	2590	2549	2223	2608	420	10	190	280	705	2448	510
521	521	1082	344	638	1259	156	2312	1081
523	523	277	551	2480	465	717	1790	415	508	1676	565	2600	1616	2551	2442	283	188	2408	870	54	2642	163	1931	1921	478	961	882	1214	540	910	1687
525	525	1427	522	1425	1419	684
527	1968	1656	747	527	2662	2606
529	709	529	340	341
531	531	1490	2187	693
533	533	41	777
535	535	761	109	1560	672
537	537	1204	357	606
539	541	539	454	1665	1210	1123	1209	183	1453
541	541	183	454	1123	539
543	543	540
545	545	747
547	547	430	74
549	549	672	488	574	591	287	640	453	507	456
551	2473	2215	551	523	482
553	553	2459	123
555	555	2354	556	615	400
557	557	423	558
559	559	34	552	1378	167	1816	2341
561	561	745	747	427
563	563	247	163	219	37	38	500
565	565	2672	554	910	842	773	385	306	410	1616	1316	2485	1012	2118	1782	103	1213	502	1529	548	882	92	1741	1585	82	644	477	2	239	465	294	1376	118	671	57	1727	1790	1957	621	34	478	492	1438	566	1401	128	295	425	1540	1373	1440	2442	1546	283	85	523	1859	738	60	2472	2642	1378	173	1676	333	244	305	1975	2027	691	367	633	466	564	2480	575	2629	2628	601
567	567	21	385	502	1828	970	277
569	1025	456	1092	1273	1181	1712	569	1457	550	2099	767	1430	514	255	1522	1986	1000	710	1269
571	571	424	2495	1762	2331	19	2694
573	573	464	270
575	575	843	565	552	1378	882	173	2485	738
577	577	2034	1532	389	1502	312	2660	401	2492	250
579	696	611	579	747
581	580	50	222	581	49
583	583	2371	643	284	64	1126	2568	2398	1278	50	1214
585	585	1061	378	911	2091	1275	335	2290	2291
587	587	2239	427	214	88
589	589	282	1509	592
591	672	640	549	1186	453	2155	287	848	1358	2690	591	2182	199	488	2475	1032	1105	2054
593	593	300	594
595	595	233	121
597	597	675	224	434	204	106
599	599	747
601	3	1741	565	601	552	611
603	670	1640	603	540	1047
605	605	676	576	476
607	821	607	1055	438	1306
609	609	747	719
611	611	2325	1315	601	2260	1499	179	2050	718	386	1755	608	1763	2540	579	864	716	1493	2505	2352	413	2230	1564	719	2378	899	1935	1103	1732	511	133	2340	938	2676	2385	28	1668	1352	1116	1079	2501	368	1488	633	1265
613	613	232	2496	14	2107	616	2571	268
615	615	98	556	555	54	614
617	617	226
619	619	260
621	738	471	1859	552	621	565
623	623	2341	637	1064	2140	1172	1937
625	625	700	659
627	627	1270	1679	1562	1057	338
629	629	612	1535	221	1537
631	631	1562	1057	383
633	611	1459	633	565	294	566	197
635	635	89	640	381	436	177	660	256	683	632	109	442	722	474	651	430	208	375	634	264	686	172
637	515	637	623
639	639	584	250	1763
641	641	484	1739	376
643	643	150	50	1121	583	1904	49	2489	222
645	645	211	742	51	312
647	647	81
649	649	479	752	2403	166	2560	2294	1643	96	2581	2123	457
651	651	430	635
653	552	653	2480
655	655	747	198
657	656	657	1581
659	695	163	659	625	397	11	624
661	661	76	1191	71	74
663	663	501	496	2393
665	747	665	294	427
667	1928	1356	2270	2570	867	2227	667	480	2072	257	1974
669	669	509
671	1459	671	552	566	1599	562	565
673	673	194
675	675	1429	2215	1445	344	2339	1442	597
677	677	71
679	679	30	32
681	681	712	402	2309
683	683	632	1860	635	430	686
685	685	747	217
687	687	741	1704	2683	745	626	1700	1564	1157	2381	110
689	689	967	1580	163	1826
691	1557	1649	552	691	2658	565
693	693	531	1471	1501	648
695	695	1967	747	659
697	697	642
699	699	566	747	588	294
701	701	15	638	1644
703	703	747	2233
705	705	1910	519	192
707	707	196	158	195
709	709	529	340	341
711	711	485
713	713	347	161
715	715	84
717	717	2502	163	1122	1877	188	2568	523
719	719	1666	2561	1133	1112	611	747	609	520	87	1838
721	721	188
723	723	552
725	725	48	41	93
727	727	1799	1016	163	1136
729	729	67	1993	467	1945	342
731	731	1656	330	1450	576	121	1778	808
733	733	566
735	735	2649	2106	216	195	2527	1956	307	86
737	737	747	2024
739	739	63
741	741	1157	747	687	204
743	743	744	163	65	2030	2659	2316	2077
745	1884	561	745	2336	205	355	124	1704	2437	18	477	962	666	1763	127	2162	386	91	1756	1932	600	458	687	2325	771	2165	1886	36	110	1885	1700	72	1157	1564
747	747	353	175	489	696	113	207	153	561	719	741	588	18	72	655	43	202	110	217	572	771	104	397	198	235	127	680	724	502	186	234	494	336	124	203	610	458	695	83	369	685	527	386	91	328	310	73	112	349	665	628	205	600	26	579	737	330	542	779	700	362	204	283	599	703	545	229	609	315	368	526	763	699	620	146
749	197	749	2485	483	552	1459
751	751	435	8	544	258	14
753	753	405	444	409
755	1404	2058	755	188	757
757	757	219	846	2058	188	755	163	1965
759	759	95	23	93	161	99	292
761	9	761	40	535
763	763	747	1879	2355	241
765	765	163
767	767	569	255
769	769	163	764
771	771	72	104	202	747	745
773	773	1687	656	565	1643
775	775	162	1459	875
777	777	533
779	779	542	1203	638	684	747
781	781	1533	1184	163	846
783	1155	1407	1328	783	1812
785	1155	785	1513	862	1328	1812
787	787	1437	1288	74	1287
789	789	1206	415	1409
791	791	1004	1560	786	1661	1003
793	793	1467	1333	262	1249	1715	1455	1691	1734	1334	943	1110	1127	1330	1139	1694	959	1070	1205	1069	42	856	1380	163
795	794	795	865
797	797	1645
799	799	1706	1699	1122	2656
801	801	1542	313	1475
803	803	1563	357	1439	53
805	805	930	990
807	807	1438	294	1672
809	809	1080	919	812	1365	1229	814	1222	1615	1190	1129	908	1639	1044	297
811	1253	910	811	1140
813	813	163	1523
815	815	1523	880
817	1367	819	818	817	1125	1212
819	819	1154	818	817	1212	1215
821	821	607	1389	1421
823	823	227	427	142	1283
825	1215	825	1707
827	913	1894	827	1527	909
829	829	962	1252	820
831	831	885	2243	2466
833	2001	1516	1796	833	1218	714
835	835	1248	688
837	837	1686	1007	1489
839	839	59	1072	874	1520	1709	576	354	1067	1526
841	841	1240	2559
843	843	575	568	1101	2658
845	845	784
847	847	1468	1402	710	1032	848	967
849	849	1720
851	851	1491
853	853	2423	1019	1053	1732
855	1654	855	1338
857	857	2060	1125	1483
859	859	1198
861	861	1678	1236	1431
863	808	863	576	2499
865	1505	251	865	795	2560	932
867	867	46	74	1493	667
869	869	76	1374
871	871	74	1591
873	873	1520	920
875	875	370	775	1192	933	554
877	1651	1578	1569	877	1010
879	879	700	979
881	2423	2405	572	2702	2454	74	1256	1203	881	1119	1411	816	2295	2203	112
883	883	1665	1210
885	885	831	1335	177
887	887	1531	983
889	889	892	1713	2153	41	904
891	891	1437
893	893	1290	1259	1174
895	895	1436
897	897	1240	157
899	1565	899	1564	611	1672
901	901	1554	1497	1553
903	903	1491	1672
905	905	1397	976	1393	1287	558
907	907	1252
909	909	913	1894	1527	827
911	911	177	1354	585
913	913	827	909
915	915	1172	1294
917	1338	850	917	784
919	908	809	919	1129
921	921	1265	1725
923	1233	1416	923	1126	922
925	925	1532
927	927	1328	1019
929	2442	929	1559	740	71	1697
931	1000	1053	931	1463	1484	70
933	933	483	875
935	935	163	1136
937	937	426	1234
939	939	1242
941	941	1717	1441
943	943	1466	728	1646	1016	793
945	945	1414	327	788	1287	62
947	947	1328
949	1608	1512	949	74
951	951	1401	2605	1554
953	953	972
955	955	1280	109	560
957	957	967
959	959	793	1130
961	1515	961	163	523
963	963	344	1519
965	965	1060	1481	966	177	1673	981	1253	964	1432	1590	902	1140
967	1032	322	689	967	848	57	1400	847	1561	109	306	1394	56	957
969	969	954
971	971	1602	1527	2166	1326
973	973	993	802
975	975	668	1079	76	608	74
977	977	1234
979	979	68	1825	1845	879	766	157
981	981	910	902	1140	965
983	983	1002	1636	887	1735	256	1531	928	1302
985	1102	985	159	2038	2066
987	987	1608	1240	74
989	989	1418	1068
991	991	858	1368	318	1084
993	993	973
995	995	1232	1230	1985	1178	1231	415	1690	2139	2673	956	1495	1971
997	997	1271
999	999	1240	1463	70	1512	347
1001	1001	1354
1003	2182	1897	1469	791	672	2028	1004	2483	1003	1343	786	2146	1364
1005	1005	1313
1007	1007	837	2426	1919	344	2217
1009	934	1009	1079	2175
1011	1011	1010	1569	1008
1013	1013	1156
1015	1015	1338	852	996
1017	1017	157	74	1574
1019	1019	906	927	1290	1256	853	926	862
1021	1021	1464
1023	1023	1090	878
1025	1025	876	1449	1712	1238	569	1290	1388	453	1006
1027	1027	56	1322	1336	638	322	378	1388
1029	1029	1090	2456
1031	1031	1328	258
1033	1033	1174
1035	1035	1216	714	1218
1037	1037	1610	1470	427	1042	1028
1039	1039	1354
1041	1041	1321
1043	1043	1435	1042
1045	1045	471	1540
1047	1047	603	1345	1344	1348	1355	1354	1420
1049	1292	1498	1049	1329
1051	1051	1052	2576
1053	1053	1568	1024	853	931	1191	1463	1197	1607
1055	1055	607	1284	1059
1057	1307	1359	631	1057	1484	627
1059	1059	1055
1061	1061	585	1010	426	1651	1578	1244	378
1063	1063	1065	1628	1136	1153
1065	1065	1305	163	1153	1279	1106	1063
1067	1067	576	1801	570	834	1814	839
1069	1069	793	422	1096	1685	163	1455
1071	1292	1071	1498	1329
1073	1073	1569	1636	1182	314	1112
1075	1075	157	1340
1077	1077	1153
1079	1079	611	1718	1103	1389	864	1724	1315	975	1009
1081	1082	1259	1081	521
1083	1083	1660
1085	1085	1292
1087	1087	1512
1089	1089	1354
1091	1091	1014	676	476	1288
1093	1093	2228	355	2085	122	1659
1095	1095	792	1433	1360	798	1456
1097	1097	1393
1099	1099	163	1178
1101	1101	1111	1328	843
1103	1079	1103	1579	74	611	427
1105	1105	798	591	1026	2356
1107	1107	1328	1617
1109	1109	1328	2151	1570
1111	1111	1570	1339	1101	1328	1412	258	2292
1113	1113	1380	163	1153
1115	1115	1252	820
1117	1117	1603	1261	2332	1225	562	910	1114	247	2089	1588
1119	2405	1119	1203	881
1121	1640	540	806	1344	1121	1138	643	1046
1123	1123	1674	1354	1680	541	539	1176	1188	75	1483
1125	1125	817	1496	166	818	1483	857
1127	1127	938	728	1153	163	793
1129	1129	809	1190	1222	814	919	26	1080
1131	1131	1253	910	966
1133	1133	719	1666
1135	1135	1444	1174	1442
1137	558	1137	1459	1687
1139	793	163	1139	1598	780	1018	1572
1141	1141	1172	1240	1241
1143	1404	2429	1143	2165
1145	1145	1323
1147	1147	1347	161	1240	772	1241
1149	1150	912	1323	2044	1149	1891
1151	1151	1350
1153	1153	1070	1257	1675	1063	163	1455	1205	1204	1611	942	1127	856	1410	1077	1219	1065	1113
1155	1155	1812	783	1328	785	1601	862	1407
1157	1157	741	1700	1704	745	687
1159	1159	1485	163	2564
1161	1592	1560	2423	1702	1161	2657	2324
1163	1498	1163	1534	1497
1165	1165	430	1327
1167	1167	1332	1330	1331
1169	1169	1454	1284	524
1171	1171	1050
1173	1173	318	1328	2583
1175	1175	1325	1628
1177	1177	1519	1180	1620	1627
1179	1179	946
1181	1181	25	569	1431
1183	1183	1202	562	1193	738
1185	1185	1521	1000
1187	1187	426	1234
1189	1189	1687	638	1643
1191	1191	2423	661	1053	1290	692
1193	1193	1183
1195	1195	1323	1203	1630
1197	2634	1290	1197	1484	1053
1199	1199	1702	1550
1201	1201	1240	325
1203	1203	1195	1411	816	1119	881	779	1630	542
1205	1153	793	163	1205	1016
1207	900	378	163	1207	1333	430
1209	1209	1215	539
1211	1211	1247	1520	1058
1213	1213	738	565	1649
1215	825	1215	824	1707	1699	818	580	1209	819
1217	1217	1349
1219	1219	163	1153
1221	1221	1797	910	2703
1223	1607	1223	1335	848	1422
1225	1225	1333	163	1117
1227	1227	1236
1229	1229	809	1615
1231	1231	1495	1232	1230	995	1178	2086	854	956	1985
1233	1233	922	923
1235	1235	1512	2508
1237	1237	1521	1457	1422	1484	826
1239	1239	1387
1241	1241	772	2559	1147	1347	912	998	1141	1240	84	950
1243	1243	1245	570	1524
1245	1245	1243	1524	1520	570	576
1247	1247	1211
1249	1249	1474	1054	1734	1408	793	1728	1473
1251	1251	399	1250
1253	163	1311	965	1253	811	910	1131
1255	1255	95	358	99	894
1257	380	1153	163	1872	1719	1257	2175	2259	2087
1259	1259	136	2312	2213	92	1944	1081	521	1082	893
1261	1117	2089	1261	1114	247
1263	1263	2585	1234
1265	1265	1725	611	921
1267	1500	1335	1267	1512	344
1269	418	1312	569	2618	1260	876	1269	453
1271	1271	997	236
1273	1273	1422	319	569	826	686
1275	1275	2291	2290	426	2617	344	378	1234	585
1277	1277	1533	2277	2470	1476	163	2152
1279	1279	1065
1281	1346	948	1471	1282	1272	1281	1604	1451
1283	1283	142	823	427	391	1547	1318	1284	230
1285	1285	405	1176	1298	770	1382	968
1287	1287	905	499	787	945	810	976	1437	1414	1397
1289	1289	157	1452
1291	1291	1548
1293	1293	2284	672	1606	1592	1600
1295	1295	886
1297	1297	1174
1299	1299	1392	1216	714	1218
1301	1301	1266	1595	2346	960
1303	1303	2202	2347	163	1274	343
1305	1106	728	1305	1016	1098	163	1274	1065	1575	1740
1307	1307	1657	1057
1309	1309	924	1186	1132
1311	1311	1140	1253	910	764
1313	1313	1005	1623	1382	1655
1315	1315	2595	668	2452	611	1079
1317	1317	1354
1319	1319	1391
1321	1321	1190	1041	297	1222	814	1080
1323	1323	1150	1149	1145	1195	1062
1325	2170	1175	2309	1325	219
1327	1327	1165	638	1569
1329	1020	1986	1071	1329	2127	1049
1331	1331	1167
1333	1333	1467	1708	578	1224	1207	1136	163	793	1369	1514	1225
1335	1339	1337	1032	1270	885	1024	1335	1267	944	1607	1512	1478	1223
1337	1337	2300	944	2343	1335	1020
1339	1339	2677	1678	2443	434	1335	1111	1570
1341	1341	1044	812
1343	1456	672	1364	1363	1343	1003	1004
1345	1345	1640	1047	1344	1046
1347	1347	1147	84	1240	1241
1349	1349	1217
1351	900	1351	1498
1353	1353	934	2302	2317	294
1355	1648	1640	1148	1355	1047
1357	1461	1357	1511
1359	1359	1057
1361	1361	1463
1363	1363	672	2168	640	1343	786	1364	2475	2653
1365	1044	814	809	1365	812
1367	1367	817
1369	1369	1333
1371	1371	1114
1373	1373	1366	565	1718
1375	560	1375	1452	157
1377	288	1377	313	1642
1379	1379	163	1611
1381	1524	570	1381	576
1383	1383	1384	152	1398
1385	1385	1706	1653
1387	1387	1239
1389	1389	1050	2707	1079	821
1391	1391	1319
1393	1393	905	1128	1502	976	1397	1414	1097	1437
1395	1395	1541
1397	1397	905	1287	1393
1399	1399	427	1463
1401	951	1554	1401	2605	562	565
1403	1403	1112
1405	1405	427	1463
1407	1407	1155	862	1626	783	1812
1409	1409	1797	2600	129	2220	2703	789	958
1411	1411	2203	1203	881
1413	1413	136	1102
1415	1525	1504	1415	1506
1417	1417	1421
1419	1419	1550	525
1421	1421	1417	821
1423	1423	1328	2583
1425	1425	1550	525	684
1427	1427	525	1550
1429	1429	675	1208	1601
1431	1431	861	1412	698	1181
1433	1433	1026	1095	798
1435	1435	1043	1028	1042
1437	1437	891	787	1393	1287	1593
1439	803	1439	53
1441	1441	941	1638	1717
1443	1443	1540
1445	1442	1445	675	344	414
1447	1447	1515	566	1581
1449	1449	453	1025
1451	1272	1604	1281	1451	1346
1453	1210	539	1453	1152
1455	1455	1694	793	1685	1069	1153
1457	569	1457	828	163	826	1462	1237
1459	1459	775	1540	2404	1687	2078	633	2221	45	749	57	210	804	1137	671	167	473	566
1461	1461	1288	304	1593	954	1357
1463	1463	1361	1053	1512	999	931	1399	1406	1405
1465	1465	1354
1467	1467	1333	163	793
1469	1469	1705	1364	1456	1003	1661	1004
1471	1471	1282	1281	693	447	1501	1633
1473	1473	1249	380	1474
1475	1475	1642	801
1477	1477	1252
1479	2017	1102	136	1479	2543
1481	1481	965	966	910	964	1573
1483	1483	1123	857	1498	2052	1125	2060
1485	1485	1252	1159
1487	1487	1528	1532
1489	1489	177	837
1491	1491	903	1605	1390	851
1493	867	774	1493	611	1732
1495	1495	995	1231
1497	1497	1126	580	901	1212	1163
1499	1499	1310	1306	611	1050
1501	1501	693	447	1471
1503	1503	1276	1108	1507	1504	1525	1308
1505	1505	865	932	251	2560
1507	1507	1108	1506	1503	1308	1504
1509	589	1509	592	1144
1511	1511	1357
1513	1513	785	862	1812	1328	634
1515	961	936	163	1711	1581	1515	1447	988
1517	1517	1612
1519	1519	963	1177
1521	1237	1521	1185	1484	70
1523	1523	815	1060	813	1136	343	880
1525	1276	1415	1506	1503	1525	1504
1527	1527	1894	260	2221	1086	827	419	909	2420	211	1543	2561	2524	1747	2166	1240	2525	971	2076	2088
1529	1529	882	565	1314
1531	1154	983	66	1531	887
1533	1533	900	781	970	846	1730	1277
1535	1535	289	1537	1348	629
1537	629	1535	289	1556	1537	1348
1539	924	378	1539	638	449	2091	136
1541	1541	1395
1543	1543	1527	1324
1545	1086	1545	1909	1582
1547	227	1547	427	142	1283
1549	1549	339	1602
1551	272	1551	914
1553	1553	1554	1552	82	901
1555	1555	558	1158	1550
1557	1557	650	691	1649	1687
1559	1559	1683	1664	1697	740	1791	2658	929	71	1703
1561	1561	967
1563	1563	53	803	357
1565	1565	899	1088
1567	1567	1358	1124	1566
1569	1569	1008	1726	1182	1010	1486	1073	430	208	1609	1011	877	1587	1327	1721	1684	1679
1571	1571	2202	1216	163	1218	343
1573	1481	764	1573	910	163	1432	2174	1673	636
1575	1575	1305	163	1136
1577	1577	1580	658	427	343
1579	1579	1103
1581	764	1581	657	1447	1515	1711
1583	2396	900	1583	2563
1585	804	565	1585	738
1587	1587	1569
1589	1589	910
1591	1591	1050	1701	871	33	36	954
1593	1593	1288	1116	1461	978	1437
1595	1595	151	2675	2346	1863	1576	1964	1301	1862	1776	1657	1824	836
1597	1148	1138	1597	1534	486
1599	1599	1697	671
1601	2423	1429	1644	1155	1601	224	1428
1603	1603	1117	1114	2089
1605	1605	1491
1607	1607	848	1223	1335	1053
1609	1609	1569
1611	1611	1380	1379	100	163	1153
1613	1613	1619	784	1162	99	1614
1615	1615	1639	809	1229
1617	1617	1107	430	236
1619	1619	1722	1614	1723	99	1613
1621	1621	1448	300	594	824	1194	752
1623	1623	1313
1625	1625	1580
1627	1177	344	1627	479
1629	1629	796
1631	2407	2330	1631	2604	934	2598
1633	1633	1471
1635	1635	1214	1706
1637	1637	1562	430	157
1639	1639	809	1615
1641	1641	1086	71	558
1643	1643	773	566	1189	868	1649	649
1645	1645	204	477	797
1647	1647	2074	2586	1908	1684	2615
1649	1649	1557	148	1213	1228	1687	868	691	1643
1651	1651	1578	1061	877	1010
1653	1653	1385
1655	1655	1313
1657	1657	1307	1595	1462	1422
1659	1094	1659	1652	1093
1661	1661	1469	1358	791	453	109
1663	1663	1266	1756	2504
1665	1665	539	883
1667	1667	1697	740
1669	1669	1236
1671	1671	1512	344
1673	965	1673	966	910	964	1573
1675	1675	163	1153
1677	1677	1120
1679	1679	1726	627	1569
1681	1681	1682
1683	1559	740	1198	1683	1697
1685	1455	422	163	1685	1069
1687	1557	148	1137	1189	773	523	1687	1228	1632	1649	1459	898	54	870
1689	38	538	1689	1738	163	219
1691	1691	422	163	793
1693	1693	1228
1695	1695	1354
1697	1697	804	1683	1667	1599	929	1559	1664	16	1703
1699	1699	799	1215	2656
1701	1701	36	832	1591	33
1703	1703	1697	1559	740
1705	1469	1364	1705	2356	459
1707	1707	825	1215	824
1709	839	59	570	1709	1520
1711	1581	1711	1515
1713	1713	1991	138	1978	1982	1870	889	2153	1992	2510	1716	41	2002	115	892	416	468
1715	1715	1386	1734	163	793
1717	941	1380	1717	163	1441
1719	1719	1257	2175	1216	2363	2261	1911
1721	1721	1569
1723	1723	1619	1722
1725	1725	1265	921
1727	1376	1727	565	738
1729	1729	1110	163	1016
1731	1731	888
1733	1733	41	904
1735	1735	1002	1626	983
1737	1737	1736	380	415	1178
1739	1739	641	848
1741	1841	738	601	1741	565	492
1743	1743	2192
1745	2175	1745	2641
1747	1747	2434	1527	1324	2559	2160	1326	419
1749	1749	2164
1751	1751	2691
1753	1753	2268
1755	1755	611	2432
1757	1757	2221	2341	1842	1268
1759	2288	1759	2697	2698
1761	1761	2208
1763	1763	2611	745	639	611	407
1765	1765	1938	1770
1767	1767	2257	500
1769	1769	1696	2330
1771	1771	1872	1775	1696
1773	1773	2545
1775	1775	1728	1771	163	1795	2116	2082	1793
1777	1777	2064	1802
1779	1779	2007
1781	1781	2663	1819
1783	1783	48	2348
1785	1785	2564
1787	2499	1787	2676	359
1789	1789	2469
1791	1791	1559	682	1859
1793	2082	1795	1793	2178	1775	2181
1795	1795	1788	2181	2545	1775	2178	2082	1793	1794
1797	1797	1221	1409	2200
1799	1424	1799	2205	163	727
1801	1821	1814	1801	576	1067
1803	1803	1913	84	99
1805	1805	2289	1804
1807	1807	163	2490
1809	1809	2585	2071
1811	1811	2410	427	204
1813	1813	1818	2393	503
1815	1815	253	238	2671	489	2670
1817	1817	2464
1819	1819	1781	2580	224
1821	1801	1821	834
1823	1823	2487	2580
1825	979	1966	1825	978	68	121
1827	1827	1962	574	2083	2224	299	2110
1829	1829	2421
1831	1831	1836	163	1832
1833	1833	2367
1835	1835	2182	2011
1837	1837	382	2132
1839	1839	2688	290	2705
1841	1841	1741	564
1843	1843	2626
1845	1845	979	1844	68	1979
1847	1847	1846	1927
1849	1849	2163
1851	1851	503	1896
1853	1853	2320	1861
1855	1855	2075	1854	75	2122	2482	1864	2299
1857	1857	2020	2681	2540	160	125
1859	471	554	548	565	621	1859	1791
1861	1861	1853
1863	1863	1964	1862	1644	1595
1865	1865	2107
1867	1867	1754	1718
1869	1869	1754	2409
1871	2499	1871	359
1873	1873	1998
1875	1875	2553	2439	407	1891
1877	578	717	2215	251	1877	414
1879	763	1879	2355	1760
1881	1881	2450	344	2449
1883	1883	2177
1885	1885	1902	1886	745	1884
1887	1887	2258	1902
1889	1889	2648	730	562	2586
1891	1891	58	1149	411	1875	1774	206	200
1893	1893	1908	102	1895
1895	1895	1893	638	102
1897	1897	1003	640	732	25	2146	2182
1899	1899	327	2292
1901	1901	2301	1800
1903	1903	2612
1905	1905	1834	163	55
1907	1907	1800	1995	2301
1909	1582	632	2677	1909	1545
1911	1911	290	1719	1098	860	2087	2206
1913	1913	1803	416
1915	1915	2497	1981
1917	1917	2334	1796
1919	2431	1007	1919	638	2426
1921	1921	1408	2402	523	1931
1923	1923	2114	1928	71	2227
1925	1925	2392	2133	2206
1927	1927	1847	2537	1846
1929	1929	2349
1931	1931	2277	523	2402	1408	1921	2624
1933	1933	36	2660	748
1935	1935	2340	611	2499
1937	1937	1064	623	107	2293	389
1939	1939	2307
1941	1941	748	1926
1943	1943	1936	163	1696
1945	1993	1945	342	729
1947	1947	2557
1949	1949	1960
1951	1951	2303
1953	1953	2107
1955	1955	2194	2149	2190
1957	1957	565	2536
1959	1959	2259	120	177
1961	1961	2527	2100
1963	1963	286	378	2195
1965	757	2089	1965	712
1967	1967	2346	695
1969	1969	2200	2051	2309	2363
1971	1971	2211	995	163	1696
1973	1973	2451	247	129
1975	1975	2689	2655	2408	427	565
1977	1977	2318	2219	2153	2510
1979	1979	68	1844	1845
1981	1981	1915	2491
1983	1983	2078
1985	1985	2065	995	1231
1987	1987	2607
1989	1989	1882
1991	1991	2510	1713	1716
1993	1993	2546	276	1945	342	729
1995	1995	1800	1907	1994	2097
1997	1997	1996
1999	1999	2003	427	2515
2001	2001	1796	833
2003	2003	1999	2515
2005	2005	2345
2007	1780	2007	68	1779
2009	2009	2534
2011	2011	2182	2633	1835
2013	2013	74	2382
2015	2034	2015	2092	2327
2017	2017	1582	2677	1479
2019	2019	157	2147
2021	2021	87	157	2218	2428
2023	2023	2135
2025	2025	2693	2153	2377
2027	2027	636	2409	465	565
2029	1818	2029	1952	2393	503
2031	2031	2171
2033	2033	430	2622
2035	2035	2303	1084	858
2037	2037	2151	1584	288
2039	2254	1890	2039	163	1060
2041	2041	1744
2043	2043	2270
2045	2045	638	2550
2047	2047	2111
2049	2049	2306	2218	2410
2051	2051	1969
2053	2053	2690	488	109	2685	2054
2055	2055	2352
2057	2215	1510	2057	790	2465	2695
2059	2059	453	2651
2061	2061	2062	96	215
2063	2063	2494
2065	1985	2065	2086
2067	2067	1792
2069	2069	2434	260
2071	2071	1809
2073	2073	1818
2075	2075	1855
2077	2077	743	744	163	2030
2079	2079	1428	2609
2081	2081	1910	2159	2366
2083	2083	299	2511	1827
2085	2085	1093	2228	1094
2087	2087	1911	2261	2175	1257
2089	2089	1117	1965	1603	1261	357	714	1530
2091	2091	2617	1539	1944	303	585	2438
2093	2093	283	1990
2095	2095	2056	157	2230
2097	2097	1994	1995
2099	2099	2098	453	569	456
2101	2101	2470
2103	415	2103	2334
2105	2105	2621
2107	2107	2496	2571	2046	2574	1953	1865	613
2109	2109	2185
2111	2111	2302	2047
2113	2113	2586	2623
2115	2115	2000	276
2117	2117	2639
2119	2119	2154
2121	2121	2212
2123	2123	649	2482
2125	2125	2116
2127	2338	2127	1329
2129	2129	2454
2131	2131	2030	1892	2319
2133	2133	1925	2206	2199
2135	134	2333	2012	2135	2583	2023
2137	431	2137	2508	430
2139	2139	995	2220	2226
2141	2141	2511	2418
2143	2143	2181
2145	2145	2408
2147	2147	2019	2498	2499
2149	2149	2194	2190	1955	2188
2151	2151	1584	2037	2342	1109
2153	2153	2318	2219	2022	1716	1713	115	2002	2699	1992	889	1977	1982	2008	2025
2155	2155	591	2467
2157	2565	66	2157	288
2159	2159	2661	2081	1910
2161	2161	1326	2167
2163	2163	1849
2165	2165	129	745	538	2363	2193	1143
2167	2167	2161	2088	772	2166
2169	2169	1290	2420
2171	2032	2171	2031	638	344
2173	2173	163	2204	846	636
2175	2175	1257	120	1696	2206	2087	2249	2259	2361	163	1745	2250	1009	1362	1940	1719
2177	163	2177	1883
2179	2179	321	2183	2150
2181	2181	1795	1788	1793	2143	2178
2183	2183	2305	2179	2150	1954
2185	2185	2109
2187	2187	2321	2314	531
2189	2189	2194	2188	2365	2190
2191	2191	2275	362
2193	2193	2165	129	538
2195	2195	286	378	1963
2197	2197	430	2342
2199	2133	2199	1184	1784
2201	2201	2233
2203	2203	1411	2405	881	2397
2205	2205	1799
2207	2207	79	1786
2209	2209	2689
2211	2211	1232	854	1971
2213	2539	2126	2213	2290	1259	2253
2215	2215	2650	344	2057	675	1877	551
2217	2217	2282	1007
2219	2219	2022	2008	2153	1977
2221	2221	1757	1527	2404	1459	566
2223	2223	510	190	519	2214
2225	2225	2423	256	1608	1732
2227	2227	1923	2390	667	1974	2072
2229	2229	2663	344	1428
2231	2231	136	2635
2233	2233	636	703	2201
2235	2235	2208
2237	2237	2274	2170
2239	2239	587	2414	1366	2507	2513	2413
2241	2241	1994
2243	2243	2245	831	2244
2245	2245	2471	87	2243
2247	2247	2701	2263
2249	2249	2175	2271
2251	2251	2296	163	145
2253	2253	2213	2591
2255	2255	427	2412
2257	1768	2257	1767	247	22	2444
2259	2259	2175	1257	163	2271	1959	2261
2261	2261	2259	1719	2206	2087
2263	2263	2247	2701
2265	2265	163	2347
2267	2267	2196
2269	2269	2277
2271	2271	2250	2249	2252	2259	2238
2273	2273	2360
2275	2275	1120	2191	2268	2522	2445
2277	2277	1277	2269	2252	1931	2624
2279	2279	1806	2579
2281	2281	2429	1134
2283	2283	2284
2285	2311	2285	2138
2287	560	2287	2315
2289	2289	1804	1805
2291	2291	585	2290	1275	344	378
2293	2293	1937
2295	2295	881	163	2667	427
2297	2297	2304
2299	2299	1855	75	1854
2301	1901	2301	2588	1907
2303	2303	1951	2035	858
2305	2305	321	2183	2150
2307	2307	1772	1939	406
2309	2309	538	403	1969	1325	681
2311	2311	2285	161	2448
2313	2313	2208
2315	109	2315	2287
2317	2624	2317	2429	1353
2319	2319	2479	227	2131
2321	2321	2370	2186	2187
2323	2323	1268	492	788	2419
2325	2325	2538	611	745
2327	2327	2034	1924	76	2015
2329	1290	672	1918	2329	1428	2080	2589
2331	2331	571	2694
2333	2333	102	2135	2583	318
2335	2335	74	2378
2337	2337	2610	2218	2606
2339	2126	2339	344	675
2341	2341	1172	559	2425	623	1757	788	1842
2343	1618	2343	208	430	2443	1337
2345	2345	2511	2418	2005
2347	2347	2265	1303	2254
2349	2349	1929
2351	2351	1772
2353	2353	415	2334
2355	2355	1879	217	763
2357	2357	2499	1656
2359	66	2359	2520
2361	139	2216	2361	163	2175
2363	2363	1719	2165	1969	163	129
2365	2668	2189	2365	2190
2367	2367	2577	1833
2369	256	426	2369	2607
2371	2371	1126	583	2489
2373	2373	2507	1366	2374	916	2414	2413
2375	2375	1910	2661	2416
2377	2377	491	2025	468
2379	2379	1984	2206
2381	2667	1606	2381	687
2383	2383	427	1820
2385	2385	2676	611	2499
2387	2387	2386
2389	2389	345	2421
2391	2391	507	2427	2548
2393	2393	1813	496	1952	1896	2029	663
2395	2395	2665
2397	2397	2203	2405
2399	2399	2398	136	2626
2401	2401	1988
2403	2403	649	2581
2405	2405	2203	1119	881	2397
2407	2407	2704	1631
2409	1869	2543	477	638	2027	174	2409	1644	2672
2411	2411	2666
2413	2413	2373	2239	1366	668	1718
2415	2415	1112	2530
2417	2417	157	2532
2419	2419	1268	2323	492
2421	2421	115	1868	74	2590	263	2389	1829	1856	1906	2654	345	2266
2423	1161	2657	881	2423	2627	1601	853	550	1644	862	1191	2225	1732
2425	788	2425	423	2341	2474	62
2427	2427	1888	318	2394	507	2548	2591	2391
2429	2624	2281	2317	2429	2667	2152	1143
2431	2431	1919	2591	426	2426
2433	2433	2437
2435	2435	2236	2262
2437	2437	2433	427	745
2439	2439	407	1875
2441	2441	2585	66	344
2443	1339	2443	2338	2343
2445	2445	2268	2275
2447	2447	378	2010
2449	2449	2450	1881	2158
2451	2451	1973	163	2446	129
2453	2453	427	2666
2455	2354	456	2455	453
2457	2457	690	1980
2459	553	2459	2606
2461	2461	1078	2492	1076
2463	2463	558	1934
2465	228	2465	638	2057
2467	2467	323	2155	2468
2469	2469	1789
2471	2471	2245
2473	2551	551	434	2473	1192
2475	2475	574	1363	2246	640	591
2477	2477	2678
2479	2479	2128	2319
2481	2481	1858
2483	2483	1848	1003	1004
2485	2485	173	566	565	2480	1378	749	575	1816
2487	2487	136	52	430	1823
2489	2489	2371	2372	1126	643
2491	2491	1981
2493	2493	2426	1428
2495	2495	2694	1762	58	571
2497	2497	1915
2499	2499	1068	2376	203	2498	2147	1871	2500	2505	359	2357	2385	2422	2322	863	1418	1787	1935
2501	2501	611	2260
2503	2503	2358
2505	2505	359	611	2499
2507	2507	2374	2239	2373	371
2509	2509	2618	1962	517
2511	2511	2345	2141	2083	2418	2320
2513	2513	2239	310	74	2374	1366
2515	2515	1999	2003
2517	2517	2533
2519	2519	2264
2521	145	2521	2164	163	2529
2523	2523	2684
2525	2525	1527	2088
2527	1961	1956	2527	735	2100
2529	2529	2294	2521
2531	2531	2566
2533	2533	2517
2535	2535	2176	1668
2537	1927	2537	451	1846	2198
2539	2539	2213	1322	1428
2541	2673	638	2541	686
2543	2543	159	2440	2409	136	1479	1776	2674
2545	2545	1794	1773	1795	2082	2178
2547	2547	2492
2549	280	2549	519	2608	193
2551	2551	523	2473
2553	2553	1875
2555	2555	2560
2557	1947	686	2557	163	430
2559	2559	51	1241	841	260	2076	1747
2561	2561	719	1527	1908	485	2380
2563	2396	219	163	2563	1583	2220
2565	2565	2157
2567	2567	2498	359
2569	2569	1820
2571	2571	1878	268	2496	613	2107
2573	2573	1942
2575	2388	2575	1910	2366	2506
2577	1020	2577	2367	2180	2508	2342
2579	2579	2279	2336
2581	2581	649	2403
2583	2583	2135	1423	2310	2333	378	1173	102
2585	2585	1263	1830	1809	2441
2587	2587	2312
2589	2589	2424	344	2329
2591	2591	2253	2126	2427	2431
2593	2593	430	634	2342
2595	2595	2562	1315	2452
2597	2597	2256	1698
2599	2599	2162
2601	2601	2631
2603	2603	1756
2605	2502	951	986	2605	1401
2607	1987	2607	2369	2074	2310
2609	2609	2080	344	2079
2611	2611	1763	2606
2613	2613	1756
2615	2615	2084	2074	1647
2617	2617	2091	1428	1275	344	228
2619	1774	2619	1968	328
2621	2621	2105
2623	2623	2113
2625	2625	2612
2627	2627	2423
2629	2629	2628	738	565	2536
2631	2631	2601
2633	2633	2182	2011
2635	2635	136	2231
2637	2637	2652
2639	2639	2117
2641	2641	380	1745
2643	2643	2470	2646
2645	2645	1854	2482
2647	2658	2647	2430
2649	2106	735	2436	2649	1956	249
2651	2651	1062	2059
2653	2653	672	456	2028	1363
2655	2655	1975
2657	2657	2423	1161
2659	2659	2316	743	163	2030
2661	2661	2375	2242	2506	2159	1910
2663	2663	1781	2229
2665	2665	2395
2667	2667	2429	2504	2381	163	2295
2669	2669	2596
2671	2671	1815
2673	2673	1224	2541	163	995	638
2675	2675	1256	1964	1824	1595	1862
2677	2677	2017	1909	1582	2338	1339
2679	2679	99	2578
2681	2681	1857	160	78
2683	2683	668	687	427	2044
2685	2685	2053	2054
2687	764	2687	636	2174
2689	2689	1975	2209
2691	2691	1751
2693	2693	2025
2695	2696	2057	2695	2198
2697	2697	1759	2698	2700	2288
2699	2699	2153
2701	2701	2247	2263
2703	2703	1221	1409	2200
2705	2705	1839	2216	1840	1784
2707	2707	774	2344	1389
