0	0	14	435	8	258	544
1	1	344
2	410	565	552	2	471
3	3	601	197	463
4	4	170
5	5	490	2164
6	6	251	490
7	7	258
8	751	8	435	258	14	0
9	9	481	761	453	308
10	193	10	192	280	420	519
11	11	624	659
12	12	84	155
13	13	482	1234	578
14	435	751	544	0	232	708	393	443	258	400	437	746	242	31	736	268	14	384	8	613
15	80	538	129	701	15	253	234	322	254	152	399
16	16	1697	566	552	466
17	17	146
18	18	127	427	1932	747	866	745	890
19	19	74	571
20	20	267	334	640	25	732
21	1378	438	21	567	294
22	22	1790	191	163	2257	129
23	23	41	759
24	39	24	269
25	25	20	456	778	1181	1897
26	1129	26	747	2612
27	27	84	532
28	28	586	611	1718	1606
29	29	429	426	382	319
30	30	2276	285	1148	679	231
31	250	14	31	1116
32	32	679
33	1701	33	250	1591
34	35	565	34	566	559	66
35	35	34
36	1701	1933	1066	745	1591	2390	2072	36	257	1974
37	37	563
38	273	38	563	1689	219	372
39	39	24	82
40	40	761
41	41	888	352	115	1713	892	2456	889	1716	1733	725	94	1982	23	533
42	42	189	188	163	793
43	43	747	576
44	44	88	686	2428
45	492	45	220	1459	490
46	46	867	489	301	238
47	47	87
48	725	48	2456	1783	2682
49	49	581	643
50	50	150	643	581	583
51	51	772	645	2559
52	478	2487	52	430	2580	228
53	53	1439	1563	803	243
54	615	2334	54	712	523	1687
55	1905	163	55	361	844	1832	1784
56	56	1027	778	967
57	57	967	306	565	552	1459
58	58	2495	990	1891	536
59	59	576	874	1520	570	1709	839	872
60	60	252	565	552	688	562
61	61	240
62	423	62	2425	332	2474	324	945	2566
63	63	210	739	153	1546
64	64	284	486	583	289
65	743	65	744
66	69	1531	215	2294	66	288	2310	1698	2157	2359	183	149	1248	2441	2122	34	2520
67	67	729
68	1825	979	1979	2007	1845	522	68	1632
69	69	66
70	70	1692	1986	1521	255	999	931
71	71	74	1641	677	1559	1923	929	2442	661
72	72	202	771	747	745
73	73	747
74	74	867	19	2284	2654	975	154	2421	604	680	193	1220	1634	2266	987	871	906	511	252	1017	622	881	2513	71	949	505	2335	1928	263	2013	2124	1676	310	547	1024	1103	787	2390	345	661	377
75	75	1354	2122	288	2299	1123	1854	1855
76	76	1934	975	131	250	694	1128	869	345	2532	661	181	2327	1548	2390	392	518
77	77	337
78	560	2681	766	157	78	469	214
79	438	79	2207
80	80	15	2044
81	81	647
82	82	295	1553	410	1440	239	1378	39	305	565	548
83	83	747	294
84	1550	1347	950	27	155	84	1240	1803	715	347	1241	998	12
85	552	465	565	85	425	294	2368
86	86	373	249	735	652
87	87	2021	719	2245	383	47
88	88	682	44	251	587	371	762	116	760	208	225
89	89	635	638	430
90	90	680
91	91	747	745
92	92	2438	552	1259	565	136	479
93	93	759	725
94	94	41	126
95	95	358	1255	759	161
96	2061	478	438	96	649
97	97	439
98	98	2696	1954	615
99	99	1255	2679	1722	1619	1852	1803	1613	759	2578	2592
100	100	758	1611	265
101	101	2686	2680	1112	331
102	102	2583	1964	2012	1893	404	1895	1824	2333
103	103	565	128	471	294	465
104	104	747	771
105	105	248	1326	2434
106	106	597
107	250	1937	1288	898	107	498	108
108	108	250	1288	898	107	498	304
109	109	2054	2053	967	2315	955	535	640	171	459	635	672	1296	1074	1888	778	884	1661	488	507
110	687	110	747	745
111	111	350
112	112	881	572	747	624
113	113	747
114	114	171
115	138	115	1713	41	2421	904	2153
116	116	88	686	2428
117	117	452	155	345	513
118	118	636	465	565
119	119	686	430	228
120	188	1959	2175	120	1184
121	595	731	121	1990	1825
122	122	2400	127	1093	124
123	123	553
124	127	2400	124	747	745	122
125	125	160	1857	394
126	126	94	2208
127	127	745	747	124	18	2228	122	2400
128	128	294	103	565
129	1204	22	1728	538	2451	2165	129	2220	163	2193	2363	15	1409	2446	188	1973
130	672	640	130	459
131	131	76
132	132	346
133	133	608	394	611
134	2135	134	505	1118	1782
135	135	418	654
136	136	479	986	2172	1259	1370	2580	2543	2399	1413	1479	2487	2635	1776	1539	244	92	1102	159	2231
137	137	416	748	138
138	138	1716	137	748	892	416	115	1713
139	2361	139	188
140	140	323
141	188	163	141	1184
142	142	227	520	1283	823	391	1547	1318	230
143	363	143	346	337	201	180
144	144	2102	188	444
145	145	2296	2280	2251	2248	1218	1646	2521	163	2286	390	1530	1224
146	146	17	747	427
147	147	479
148	148	460	656	1649	210	1687
149	149	66
150	150	50	643
151	151	360	1595	1528
152	152	15	1383
153	153	747	63	294
154	74	154	392
155	155	513	84	117	12
156	156	314	431	521	236
157	2417	1340	371	916	78	740	1550	181	560	2095	2021	393	716	1375	1017	1289	2230	1718	2680	157	1452	1637	897	2019	2540	979	214	1075	1038	766
158	158	707	433	184	598
159	159	2172	2543	136	2066	2674	985
160	469	2681	322	160	2540	125	1857
161	684	161	1147	759	95	996	713	2311
162	162	173	775
163	163	189	1379	1650	1218	2396	2563	1457	346	1691	689	1136	1971	2177	191	1225	2173	910	743	1498	982	2667	2604	530	2200	2554	1206	1127	2296	1205	2673	935	2265	606	1775	2518	1850	1807	1139	1696	1362	1030	1905	1070	402	1571	1404	1274	1611	266	940	1277	1060	1734	2295	309	546	1715	2521	1689	2363	2600	2196	174	1675	1286	813	145	800	1253	1590	1799	129	765	1099	1575	2286	1729	390	727	1334	1792	781	2451	602	1380	1717	2564	1890	942	141	2274	2077	55	1224	1872	2039	1544	1207	42	961	624	290	1573	1558	2232	2361	2659	744	1572	2316	1305	415	188	1536	219	2557	448	1110	1784	22	523	2202	395	1069	1515	1178	2175	1303	966	793	1130	1467	1219	757	1685	1159	658	1410	717	1728	380	714	2298	1831	1065	1098	563	2248	2251	1943	2280	1113	2638	856	2204	1530	237	2259	422	1257	1594	2116	1114	659	1333	1153	769	1106
164	164	740	517
165	165	432
166	166	1125	649	457
167	554	167	559	552	1459
168	168	2604	1728	475	1756
169	169	570	212
170	170	250	4
171	171	109	114
172	172	245	430	635
173	173	2485	575	552	294	566	1378	565	162
174	2409	174	503	163	501
175	175	747
176	176	379	756
177	177	1959	635	911	1489	430	885	2192	965
178	178	378	286
179	179	608	331	611
180	180	350	143
181	518	662	181	76	157	766
182	182	468	491
183	183	541	454	66	539
184	184	433	432	158	428
185	389	324	185	332
186	186	566	747	588	294
187	187	462
188	415	188	262	141	144	755	163	721	129	717	139	757	380	120	42	523	189
189	189	188	2664	42	163	2102	395
190	356	190	519	2223
191	395	22	191	163	448	294
192	192	439	519	10	420	280	705	510	193
193	519	420	10	192	238	280	2549	193	74
194	194	673
195	195	196	735	707
196	196	707	216	195
197	749	197	295	633	3
198	198	747	655
199	199	591	640
200	1464	1891	200	536
201	201	1990	427	350	1718	143
202	202	72	204	771	747	427
203	359	747	203	2499
204	204	741	747	1811	2650	202	274	597	1645	2410
205	205	745	600	747	427
206	206	1488	536	1028	1490	1042	1891
207	207	1536	1676	747	688
208	208	635	2343	1270	430	1569	88
209	209	2704	415	2334
210	1459	738	552	210	295	148	63	644
211	2076	325	211	1527	645
212	169	570	212	576
213	213	734	490	492
214	214	78	587	157	469
215	215	2380	696	2061	66	478
216	216	735	196
217	217	685	747	2355
218	218	378	1290	478
219	219	712	757	563	1689	402	1404	163	1325	38	1738	846	2563
220	220	45	490	552	295
221	221	629
222	222	581	643
223	223	430	686
224	224	1601	1819	597
225	225	88	686	2428
226	226	617
227	227	142	1547	438	296	2319	823	378	478	638	1318
228	228	52	1692	259	323	2465	119	2617	900
229	229	747	477
230	142	1283	520	427	406	230	1284	391
231	231	30	486	285
232	232	268	14	613
233	233	1990	595
234	234	747	15
235	235	747
236	236	1271	156	1270	430	1617
237	237	1060	163	329
238	1815	238	301	46	193	489
239	239	82	565	552	1378
240	240	2652	61	2308
241	241	763
242	242	574	14	1006
243	243	53	728	357
244	244	750	565	136
245	245	1636	172
246	246	560
247	247	1117	1261	500	2446	563	1973	2257	982
248	105	2088	248	1326	419	398
249	249	652	2649	86
250	708	250	694	31	170	577	427	76	498	33	736	107	639	499	584	108	304
251	251	865	1505	6	482	2560	932	1877	88
252	688	562	60	74	252	294
253	2670	253	15	1815
254	254	15	1176
255	255	421	767	569	70
256	256	983	2369	635	928	430	634	2225
257	257	36	667	480
258	435	258	751	1111	14	8	400	7	0	544	1031	268
259	259	320	582	228
260	260	2069	1527	1324	2559	2524	419	2166	619
261	261	345	626
262	262	188	1980	266	793
263	668	263	74	2421
264	638	264	635
265	265	100	758
266	266	163	262
267	267	20	334	459	732
268	268	2046	14	258	613	232	616	2571
269	269	24
270	270	339	276	467	495	342	573
271	718	271	2056
272	272	516	1551	914
273	273	38	372
274	274	204	566	478
275	275	464
276	342	467	2546	276	1993	270	2115
277	277	567	483	294	552	523
278	278	326	1898	324
279	279	464
280	280	193	2549	519	10	192
281	281	858	460
282	282	589	592
283	283	2093	565	523	747
284	284	64	583	486
285	285	30	486	1148	231
286	286	1963	178	378	2195
287	287	549	591	640
288	288	75	1377	2380	2037	66	2157
289	64	1278	1535	1534	1537	289	612	2568	1498
290	290	1839	1911	163	2220
291	291	487
292	292	759	904
293	293	576	387
294	294	277	153	128	565	483	466	2476	633	566	85	1438	554	665	588	477	699	465	1353	502	21	191	564	638	83	103	186	2430	173	636	1672	807	252
295	295	210	220	1316	471	82	1782	1012	197	565	2078
296	296	692	227	638	1236	438
297	297	441	809	1321
298	552	298	410
299	299	2110	1827	596	746	2083
300	300	1621	593
301	46	489	301	238
302	598	302	428	432
303	303	478	426	2091	1174
304	1912	304	108	427	1461	250
305	305	410	552	82	565
306	306	554	57	967	552	565	1376
307	307	735	598
308	308	1456	9	2028
309	309	163
310	310	668	2513	747	74
311	311	552	406
312	312	577	772	427	645
313	1642	534	801	1354	313	1377
314	314	509	1596	1073	1726	1684	156	1244
315	315	747
316	316	344
317	508	417	317	2326
318	318	1644	1173	2427	445	991	426	2310	686	2333
319	319	29	1273
320	320	259
321	2305	2179	1192	321	566	1954
322	322	2508	1644	1027	160	15	967
323	323	140	2467	2560	1322	228
324	324	332	326	62	278	327	389	185
325	325	1201	211
326	326	324	327	278
327	327	1532	945	1899	324	326
328	328	747	2619
329	329	237
330	330	354	731	747	359	576
331	331	774	179	101
332	1064	332	185	389	62	324
333	333	566	463	477	565
334	334	267	20
335	585	378	344	335	426
336	336	747
337	337	363	77	346	143
338	338	627
339	339	495	342	1602	1549	270
340	709	340	529	341
341	341	709	340	529
342	2016	342	495	776	339	2546	467	1945	1800	729	270	1993	276
343	1571	1274	343	530	1303	1523	1098	1577
344	344	2215	2426	521	1244	348	2290	2171	2291	2032	2617	1671	2609	1622	1881	1	963	1007	2339	316	675	1267	2229	1627	2589	2441	1442	1260	335	1445	1275	1312
345	622	2421	76	2389	117	345	2266	1924	261	74
346	337	346	143	163	363	132
347	84	999	713	347	452	998
348	348	1244	1596	638	344
349	349	747
350	351	427	111	664	350	180	201	730	770
351	351	350	730
352	352	1372	41	904
353	353	747	427
354	354	839	576	1520	1072	330
355	745	2068	1094	355	576	1562	1093
356	190	356	510
357	357	1563	2089	537	243	803
358	358	95	1255
359	1068	808	2322	2422	1320	330	1871	1342	2498	203	2376	359	1787	2499	2567	2505
360	360	698	151
361	361	55
362	362	747	2191
363	363	337	143	346
364	364	365	590	366
365	365	2112	364	590	2572
366	364	366	590
367	367	565	440	552	483
368	368	611	747
369	369	747
370	875	370	552	562
371	371	2507	157	88
372	372	38	273
373	652	373	86
374	374	552	455
375	375	836	1576	638	635
376	376	558	704	641
377	74	377	622
378	378	1539	1678	1061	1027	2291	2042	2195	2012	2447	227	960	2290	218	286	1963	335	1644	396	692	2583	178	585	1290	1207	1238	1275
379	756	379	176
380	1474	1473	188	934	1257	1784	163	380	2641	1737	2196
381	635	686	381	430	2342
382	1837	382	2132	1236	29
383	383	87	631	638
384	384	14
385	565	385	567
386	386	745	611	747
387	387	293
388	388	439	2590
389	389	1937	185	332	577	324
390	163	390	145
391	391	230	142	1283	427	438
392	76	392	154
393	393	157	14
394	394	133	608	125
395	395	189	163	191
396	396	378	478
397	397	747	659	2346
398	398	776	419	248
399	15	1251	399	427	1250
400	14	400	2360	258	555	2354
401	442	401	632	2462	577
402	402	538	219	681	163	403
403	403	2104	2309	2302	402
404	404	102
405	405	1592	753	1285
406	311	2307	406	427	230
407	1875	1763	407	512	1298	2439
408	408	630
409	409	1298	1606	2582	753
410	410	298	305	2	565	82
411	411	2232	1600	512	1891	2594	536	1470	2582
412	412	552	688
413	413	611
414	414	1174	1877	908	1442	1445	440
415	188	712	1790	209	1836	1737	1832	523	415	2353	789	163	995	2664	2103
416	416	1913	2510	137	1713	138
417	317	417	508
418	418	135	1269	479	1312	1198	740
419	419	1326	248	1527	260	398	1747
420	420	2214	10	192	193	2590	519	439
421	421	255
422	1691	422	163	1685	1069
423	558	423	1290	557	1934	62	2425
424	424	571
425	425	565	85
426	1528	2431	1275	937	1061	1486	426	2126	318	335	29	1576	2369	836	303	1187
427	427	2024	477	353	561	696	658	946	1999	205	916	954	2448	584	1975	406	461	1488	698	1760	1405	1399	1340	1577	2683	1103	250	2383	1811	201	2255	2437	304	146	2306	2574	1547	2258	2044	665	823	1037	1274	391	312	1766	18	2388	1914	610	350	587	1318	526	230	674	2412	202	493	1283	494	1284	2658	2453	2295	399
428	432	428	302	433	184	598
429	29	429	1290	1514
430	430	1698	635	1020	2137	2197	1568	236	1617	1284	1165	381	223	2593	632	2033	2487	119	1637	683	1207	524	208	1270	547	2557	1792	686	172	89	2343	52	1569	651	177	256	634
431	431	1608	156	2137
432	432	184	598	428	302	433	165
433	433	184	432	158	428
434	434	2473	1339	597
435	751	435	8	258	14	0
436	436	635
437	437	14
438	391	438	710	296	79	96	692	607	616	21	720	550	227
439	439	97	420	388	192
440	440	367	562	414
441	441	638	297
442	442	401	635	1908
443	443	14
444	444	144	753
445	445	690	318
446	446	552	554
447	447	1471	630	1501
448	448	163	191
449	479	449	638	1539	566
450	450	646	954	2558
451	2666	552	451	2537
452	117	452	347	513
453	1124	549	876	1269	2618	2059	1566	706	453	9	2034	591	1712	2156	2354	2099	2455	1025	2098	1358	2092	1449	1661	514
454	454	541	183	539	1368
455	455	552	374
456	672	549	456	1748	1560	25	569	2099	1296	2455	2653
457	457	649	166
458	747	458	745
459	459	109	130	1705	640	267
460	460	281	148
461	461	427
462	462	2582	1644	187
463	3	333	564	463	477	483
464	464	275	467	279	573
465	465	466	85	566	2368	294	523	103	2672	118	565	2027
466	466	552	294	566	465	16	565
467	467	2016	2000	342	495	464	276	270	729
468	468	491	2377	1713	182	896
469	469	214	160	78
470	470	478
471	471	621	1045	2	103	1632	295	1859
472	472	1006	650	552	566
473	473	552	1459
474	474	635	698
475	475	168
476	476	605	1056	1091
477	477	745	333	427	2658	1645	566	294	1766	565	463	2409	229
478	478	479	218	303	754	215	96	227	523	565	497	520	618	470	396	568	52	274
479	136	2300	449	92	2636	478	479	649	418	147	1354	1627
480	480	257	2570	2270	667
481	481	9
482	578	482	13	251	551
483	483	566	277	294	749	552	650	463	933	367
484	484	1574	641	642
485	485	2561	2380	2514	1838	711
486	2276	486	231	1148	1597	285	64	1278	284
487	538	487	291
488	488	2053	109	591	549
489	2670	747	238	489	1815	301	46
490	490	213	45	6	734	5	220	492
491	491	2318	2377	468	182
492	492	2419	213	1741	565	490	45	2323	734	1186
493	493	427
494	494	747	427
495	270	342	495	467	339
496	663	496	1896	2393	501
497	497	2342	478
498	498	108	250	107
499	499	250	1287	1288
500	500	563	1767	247	2444
501	501	663	503	496	174
502	2536	502	565	747	567	294
503	503	2029	174	1952	1813	501	2396	1851
504	504	702
505	74	505	134
506	506	514
507	507	2548	549	2427	1888	109	2391	798
508	317	2326	523	508	417
509	509	669	314
510	510	356	2223	519	192
511	511	611	74
512	512	407	411
513	513	155	117	452
514	514	506	569	453
515	515	2164	637
516	516	272
517	517	164	2509	1198	1170
518	518	2532	662	181	76	766
519	519	192	193	2590	2549	2223	2608	420	10	190	280	705	2448	510
520	719	520	142	478	524	230
521	521	1082	344	638	1259	156	2312	1081
522	522	68	525
523	523	277	551	2480	465	717	1790	415	508	1676	565	2600	1616	2551	2442	283	188	2408	870	54	2642	163	1931	1921	478	961	882	1214	540	910	1687
524	524	1169	1454	430	520
525	525	1427	522	1425	1419	684
526	526	747	427
527	1968	1656	747	527	2662	2606
528	528	678
529	709	529	340	341
530	530	163	343
531	531	1490	2187	693
532	532	27
533	533	41	777
534	534	313
535	535	761	109	1560	672
536	58	206	411	536	200
537	537	1204	357	606
538	1036	2193	2165	1689	129	15	1204	2309	538	402	487	1738
539	541	539	454	1665	1210	1123	1209	183	1453
540	1640	540	1121	603	523	543
541	541	183	454	1123	539
542	542	779	747	1203
543	543	540
544	544	751	258	14	0
545	545	747
546	546	163
547	547	430	74
548	548	1859	552	82	1860	565
549	549	672	488	574	591	287	640	453	507	456
550	1422	2423	569	550	438
551	2473	2215	551	523	482
552	277	306	370	601	298	554	173	210	691	653	374	636	472	239	2	311	548	16	220	738	749	412	671	644	723	57	575	559	85	451	688	466	305	621	552	473	455	60	483	167	92	446	367
553	553	2459	123
554	554	565	446	306	875	552	167	1859	294
555	555	2354	556	615	400
556	556	615	555	2354	2360
557	557	423	558
558	2034	1641	905	558	1816	1532	376	1555	2660	1934	557	423	2463	1137
559	559	34	552	1378	167	1816	2341
560	560	246	1452	740	2287	1375	157	78	955	938
561	561	745	747	427
562	562	1183	370	60	671	2014	1401	1117	2018	252	440	1889
563	563	247	163	219	37	38	500
564	564	738	565	1841	294	463
565	565	2672	554	910	842	773	385	306	410	1616	1316	2485	1012	2118	1782	103	1213	502	1529	548	882	92	1741	1585	82	644	477	2	239	465	294	1376	118	671	57	1727	1790	1957	621	34	478	492	1438	566	1401	128	295	425	1540	1373	1440	2442	1546	283	85	523	1859	738	60	2472	2642	1378	173	1676	333	244	305	1975	2027	691	367	633	466	564	2480	575	2629	2628	601
566	566	274	1643	483	333	449	671	1816	858	2658	2485	1782	1544	565	472	465	294	733	633	1447	588	477	699	1459	16	321	173	34	2480	186	2221	466	688
567	567	21	385	502	1828	970	277
568	568	478	843
569	1025	456	1092	1273	1181	1712	569	1457	550	2099	767	1430	514	255	1522	1986	1000	710	1269
570	570	1520	1067	1258	1381	1245	212	1243	59	1200	2026	1246	1524	1709	576	872	169	1922	1814	874
571	571	424	2495	1762	2331	19	2694
572	112	881	572	747	624
573	573	464	270
574	574	2040	1006	1827	2475	549	640	672	1962	242	2360
575	575	843	565	552	1378	882	173	2485	738
576	43	1067	1245	355	59	2552	1814	834	839	1801	1258	731	2026	605	1200	1932	1710	212	1381	863	1526	293	330	576	354	1524	1014	570	1922	874	726
577	577	2034	1532	389	1502	312	2660	401	2492	250
578	578	1333	1122	1877	13	482
579	696	611	579	747
580	580	1212	1497	922	1126	581	1215
581	580	50	222	581	49
582	582	818	1498	1792	259
583	583	2371	643	284	64	1126	2568	2398	1278	50	1214
584	584	639	427	250
585	585	1061	378	911	2091	1275	335	2290	2291
586	586	28
587	587	2239	427	214	88
588	186	699	566	747	588	294
589	589	282	1509	592
590	590	366	364	365
591	672	640	549	1186	453	2155	287	848	1358	2690	591	2182	199	488	2475	1032	1105	2054
592	592	1509	282	589	1144
593	593	300	594
594	594	593	1122	1194	1621
595	595	233	121
596	596	299
597	597	675	224	434	204	106
598	598	432	302	428	158	307
599	599	747
600	1052	205	600	747	745
601	3	1741	565	601	552	611
602	602	2334	163	1114
603	670	1640	603	540	1047
604	604	74	668
605	605	676	576	476
606	606	163	537
607	821	607	1055	438	1306
608	608	611	179	2230	394	975	680	133
609	609	747	719
610	610	747	427
611	611	2325	1315	601	2260	1499	179	2050	718	386	1755	608	1763	2540	579	864	716	1493	2505	2352	413	2230	1564	719	2378	899	1935	1103	1732	511	133	2340	938	2676	2385	28	1668	1352	1116	1079	2501	368	1488	633	1265
612	1348	612	1046	629	2568	289
613	613	232	2496	14	2107	616	2571	268
614	614	615
615	615	98	556	555	54	614
616	616	2046	268	438	613
617	617	226
618	638	618	478
619	619	260
620	620	747
621	738	471	1859	552	621	565
622	622	377	74	345
623	623	2341	637	1064	2140	1172	1937
624	624	700	112	163	11	572	659
625	625	700	659
626	626	687	261
627	627	1270	1679	1562	1057	338
628	628	747
629	629	612	1535	221	1537
630	630	447	408
631	631	1562	1057	383
632	1582	2508	401	635	430	1909	632	683
633	611	1459	633	565	294	566	197
634	256	686	635	1570	2593	634	430	1513
635	635	89	640	381	436	177	660	256	683	632	109	442	722	474	651	430	208	375	634	264	686	172
636	636	2687	1573	2233	2204	2174	294	552	764	118	2027	2173	2672
637	515	637	623
638	2409	1539	2426	521	1027	89	348	779	2045	1919	1327	1808	618	722	1895	862	2541	1468	2171	294	701	296	2146	638	2673	2465	449	375	264	227	1189	441	383	1460	1312
639	639	584	250	1763
640	2054	199	640	130	574	591	732	109	287	2475	1897	635	20	1363	459	549
641	641	484	1739	376
642	642	484	697
643	643	150	50	1121	583	1904	49	2489	222
644	644	210	552	565
645	645	211	742	51	312
646	646	450
647	647	81
648	648	693
649	649	479	752	2403	166	2560	2294	1643	96	2581	2123	457
650	650	1557	472	483	1006	656
651	651	430	635
652	652	249	373	86
653	552	653	2480
654	654	135	1260
655	655	747	198
656	656	148	773	650	657
657	656	657	1581
658	1577	163	658	427
659	695	163	659	625	397	11	624
660	660	635
661	661	76	1191	71	74
662	662	181	518
663	663	501	496	2393
664	664	350	978
665	747	665	294	427
666	666	745
667	1928	1356	2270	2570	867	2227	667	480	2072	257	1974
668	668	310	2683	604	1315	975	2562	1508	2413	2414	263
669	669	509
670	670	603
671	1459	671	552	566	1599	562	565
672	130	574	2360	456	1343	1003	672	2004	1386	1460	535	1363	549	2696	109	2329	1293	2040	1004	2653	924	591
673	673	194
674	674	427
675	675	1429	2215	1445	344	2339	1442	597
676	676	605	1014	1056	1091
677	677	71
678	678	528
679	679	30	32
680	680	74	90	608	747
681	681	712	402	2309
682	682	88	1791	2430
683	683	632	1860	635	430	686
684	684	779	161	525	1425	1550
685	685	747	217
686	225	1273	1698	430	686	760	318	634	116	683	223	44	381	2557	2541	119	635
687	687	741	1704	2683	745	626	1700	1564	1157	2381	110
688	412	207	566	688	552	1248	835	252	60
689	689	967	1580	163	1826
690	690	445	2457
691	1557	1649	552	691	2658	565
692	692	296	1191	438	378
693	693	531	1471	1501	648
694	694	76	250
695	695	1967	747	659
696	696	1672	579	215	747	427
697	697	642
698	698	474	427	1431	360
699	699	566	747	588	294
700	700	625	624	747	879
701	701	15	638	1644
702	702	504
703	703	747	2233
704	704	376
705	705	1910	519	192
706	706	453
707	707	196	158	195
708	708	250	14	1116
709	709	529	340	341
710	710	847	569	438
711	711	485
712	1036	712	219	415	681	2664	1965	54
713	713	347	161
714	163	1218	714	833	2089	1035	1299
715	715	84
716	716	611	157
717	717	2502	163	1122	1877	188	2568	523
718	718	611	271
719	719	1666	2561	1133	1112	611	747	609	520	87	1838
720	720	438
721	721	188
722	722	638	635
723	723	552
724	724	747	2612
725	725	48	41	93
726	726	576	1068	1418
727	727	1799	1016	163	1136
728	728	943	243	1127	1016	1305	1466
729	729	67	1993	467	1945	342
730	730	351	1889	350	770
731	731	1656	330	1450	576	121	1778	808
732	732	20	1897	640	267
733	733	566
734	734	213	490	492
735	735	2649	2106	216	195	2527	1956	307	86
736	736	250	14	1116
737	737	747	2024
738	2629	575	564	621	1183	2628	1727	738	1741	552	565	1585	1376	210	1213
739	739	63
740	740	1683	1667	1664	1559	418	157	929	164	560	1703
741	741	1157	747	687	204
742	742	772	1240	645
743	743	744	163	65	2030	2659	2316	2077
744	744	2030	163	65	2077	743	2316
745	1884	561	745	2336	205	355	124	1704	2437	18	477	962	666	1763	127	2162	386	91	1756	1932	600	458	687	2325	771	2165	1886	36	110	1885	1700	72	1157	1564
746	746	14	299
747	747	353	175	489	696	113	207	153	561	719	741	588	18	72	655	43	202	110	217	572	771	104	397	198	235	127	680	724	502	186	234	494	336	124	203	610	458	695	83	369	685	527	386	91	328	310	73	112	349	665	628	205	600	26	579	737	330	542	779	700	362	204	283	599	703	545	229	609	315	368	526	763	699	620	146
748	748	1941	137	1926	1933	138
749	197	749	2485	483	552	1459
750	750	244
751	751	435	8	544	258	14
752	752	649	1621
753	753	405	444	409
754	754	478
755	1404	2058	755	188	757
756	756	379	176
757	757	219	846	2058	188	755	163	1965
758	758	100	265	1980
759	759	95	23	93	161	99	292
760	760	88	686	2428
761	9	761	40	535
762	762	88
763	763	747	1879	2355	241
764	764	1311	2174	636	2687	769	1581	910	1573
765	765	163
766	766	181	2532	979	78	518	157
767	767	569	255
768	768	772
769	769	163	764
770	730	1285	770	350
771	771	72	104	202	747	745
772	2076	1240	742	768	1147	2167	1502	312	1241	51	772	2166
773	773	1687	656	565	1643
774	774	2707	331	1493
775	775	162	1459	875
776	2088	776	398	342	2166	1326
777	777	533
778	778	56	109	25
779	779	542	1203	638	684	747
780	780	1139	1598
781	781	1533	1184	163	846
782	782	1532
783	1155	1407	1328	783	1812
784	784	917	1338	845	1613
785	1155	785	1513	862	1328	1812
786	791	1004	1363	786	1003
787	787	1437	1288	74	1287
788	788	2341	1414	2425	2323	945	1268
789	789	1206	415	1409
790	1510	790	2057	1234
791	791	1004	1560	786	1661	1003
792	792	1095	798
793	793	1467	1333	262	1249	1715	1455	1691	1734	1334	943	1110	1127	1330	1139	1694	959	1070	1205	1069	42	856	1380	163
794	794	795
795	794	795	865
796	796	1629
797	797	1645
798	798	1105	792	1433	507	1095
799	799	1706	1699	1122	2656
800	800	163	1136
801	801	1542	313	1475
802	802	973	1168
803	803	1563	357	1439	53
804	804	1664	1585	1459	1697
805	805	930	990
806	806	1121	1354	1138
807	807	1438	294	1672
808	808	731	359	863	1450	1320	1342
809	809	1080	919	812	1365	1229	814	1222	1615	1190	1129	908	1639	1044	297
810	810	1287	1718
811	1253	910	811	1140
812	812	1044	809	1080	1341	814	1365
813	813	163	1523
814	814	1080	809	812	1365	1321	1044	1129
815	815	1523	880
816	816	1203	881
817	1367	819	818	817	1125	1212
818	818	817	582	1212	1215	1125	819
819	819	1154	818	817	1212	1215
820	820	1115	829	1146	1252
821	821	607	1389	1421
822	822	1484	1644
823	823	227	427	142	1283
824	824	1707	1215	1621
825	1215	825	1707
826	826	1237	1422	1457	1273	1606
827	913	1894	827	1527	909
828	828	1457	1422
829	829	962	1252	820
830	830	1252
831	831	885	2243	2466
832	832	1701	1052
833	2001	1516	1796	833	1218	714
834	834	1821	1814	1520	576	1067
835	835	1248	688
836	836	375	1266	426	1595
837	837	1686	1007	1489
838	838	1458
839	839	59	1072	874	1520	1709	576	354	1067	1526
840	840	1196
841	841	1240	2559
842	842	565	1540
843	843	575	568	1101	2658
844	844	1784	55	974	1184	934
845	845	784
846	846	781	219	2173	1533	2204	757
847	847	1468	1402	710	1032	848	967
848	848	967	1032	1223	1607	847	591	1739	1388	1400	1468
849	849	1720
850	850	917
851	851	1491
852	852	1654	1015
853	853	2423	1019	1053	1732
854	854	2211	1231	1178	2598
855	1654	855	1338
856	1153	856	793	163	1016
857	857	2060	1125	1483
858	858	2303	1084	2035	566	991	281	2556
859	859	1198
860	860	934	1911	1184	1940
861	861	1678	1236	1431
862	862	785	1407	1513	986	1812	638	2423	1155	1019	2364
863	808	863	576	2499
864	864	611	1079
865	1505	251	865	795	2560	932
866	866	18	890
867	867	46	74	1493	667
868	868	1643	1649
869	869	76	1374
870	870	523	1687
871	871	74	1591
872	872	59	570	1520
873	873	1520	920
874	874	839	1520	59	570	576
875	875	370	775	1192	933	554
876	876	1025	1269	1006	453
877	1651	1578	1569	877	1010
878	878	1023	1472
879	879	700	979
880	880	1523	815
881	2423	2405	572	2702	2454	74	1256	1203	881	1119	1411	816	2295	2203	112
882	882	1529	1316	1378	1616	523	565	575	1012
883	883	1665	1210
884	884	109	1658
885	885	831	1335	177
886	886	1295
887	887	1531	983
888	888	41	1731	896
889	889	892	1713	2153	41	904
890	890	18	866
891	891	1437
892	892	138	1713	41	904	1716	889
893	893	1290	1259	1174
894	894	1255
895	895	1436
896	468	888	896	1372
897	897	1240	157
898	108	1687	898	107
899	1565	899	1564	611	1672
900	1207	1583	1533	1351	900	228
901	901	1554	1497	1553
902	910	966	902	1174	965	964	981
903	903	1491	1672
904	904	292	889	1733	892	115	1372	352
905	905	1397	976	1393	1287	558
906	906	1019	74	1860
907	907	1252
908	908	919	2304	414	809
909	909	913	1894	1527	827
910	910	1117	902	1481	1221	811	1131	1590	981	1573	1673	1589	163	565	1432	523	982	1140	1253	964	1311	966	764
911	911	177	1354	585
912	1149	1240	912	1150	1241
913	913	827	909
914	272	914	1551
915	915	1172	1294
916	916	157	427	2373	1038	2686	2374
917	1338	850	917	784
918	918	1252
919	908	809	919	1129
920	920	1520	873
921	921	1265	1725
922	922	1233	923	580	1416
923	1233	1416	923	1126	922
924	1460	1539	1480	924	672	1309
925	925	1532
926	926	1112	1019
927	927	1328	1019
928	983	1636	928	256
929	2442	929	1559	740	71	1697
930	930	805	1254	1062
931	1000	1053	931	1463	1484	70
932	932	865	251	1505
933	933	483	875
934	940	380	1009	934	1631	844	1353	860
935	935	163	1136
936	936	1515
937	937	426	1234
938	2196	611	938	1127	560
939	939	1242
940	940	163	934
941	941	1717	1441
942	942	163	1153
943	943	1466	728	1646	1016	793
944	944	1335	1337
945	945	1414	327	788	1287	62
946	946	1179	427	1600
947	947	1328
948	948	1446	1281	1282
949	1608	1512	949	74
950	950	84	1240	1241
951	951	1401	2605	1554
952	1660	952	1064
953	953	972
954	969	954	450	1591	427	1461
955	955	1280	109	560
956	956	1231	1178	2598	995
957	957	967
958	958	1409
959	959	793	1130
960	960	1301	378	1292
961	1515	961	163	523
962	962	745	829
963	963	344	1519
964	964	1481	1673	910	966	1432	902	1140	965
965	965	1060	1481	966	177	1673	981	1253	964	1432	1590	902	1140
966	966	1481	902	1140	1673	163	964	965	910	1131
967	1032	322	689	967	848	57	1400	847	1561	109	306	1394	56	957
968	968	1285
969	969	954
970	970	974	1396	1378	1533	567
971	971	1602	1527	2166	1326
972	972	953
973	973	993	802
974	974	844	970
975	975	668	1079	76	608	74
976	976	905	1268	1287	1393
977	977	1234
978	978	1825	1593	1954	664
979	979	68	1825	1845	879	766	157
980	980	1488
981	981	910	902	1140	965
982	910	982	163	247
983	983	1002	1636	887	1735	256	1531	928	1302
984	984	1048
985	1102	985	159	2038	2066
986	2614	1644	862	2605	2484	1642	2616	986	136
987	987	1608	1240	74
988	988	1515
989	989	1418	1068
990	805	58	990	1774
991	991	858	1368	318	1084
992	992	1354
993	993	973
994	994	1354
995	995	1232	1230	1985	1178	1231	415	1690	2139	2673	956	1495	1971
996	996	161	1015
997	997	1271
998	84	1241	998	347	1240
999	999	1240	1463	70	1512	347
1000	1000	931	569	1185
1001	1001	1354
1002	1002	983	1735
1003	2182	1897	1469	791	672	2028	1004	2483	1003	1343	786	2146	1364
1004	1469	791	672	1004	2483	786	1364	2146	2350	1003	1343
1005	1005	1313
1006	1006	574	472	2040	1025	2360	876	650	242
1007	1007	837	2426	1919	344	2217
1008	1008	1486	1569	1011
1009	934	1009	1079	2175
1010	1578	1569	1010	1061	1011	877	1651	1182
1011	1011	1010	1569	1008
1012	1012	882	565	295
1013	1013	1156
1014	1014	1056	1091	576	676
1015	1015	1338	852	996
1016	728	1466	1670	1016	727	1305	943	1110	1070	1205	856	1729
1017	1017	157	74	1574
1018	1018	1139	1136	1142
1019	1019	906	927	1290	1256	853	926	862
1020	1020	1328	1322	1329	430	1337	2577
1021	1021	1464
1022	1022	1282
1023	1023	1090	878
1024	1024	1053	74	2338	1335
1025	1025	876	1449	1712	1238	569	1290	1388	453	1006
1026	1026	1433	1105
1027	1027	56	1322	1336	638	322	378	1388
1028	1028	1042	206	1610	1435	1037
1029	1029	1090	2456
1030	1030	1796	1946	163	1136
1031	1031	1328	258
1032	967	848	847	1335	1032	591
1033	1033	1174
1034	1034	1178	1730
1035	1035	1216	714	1218
1036	1036	1662	538	712
1037	1037	1610	1470	427	1042	1028
1038	1038	157	916	1196
1039	1039	1354
1040	1040	1354
1041	1041	1321
1042	1043	1435	206	1042	1028	1037
1043	1043	1435	1042
1044	1044	814	1341	809	1365	812
1045	1045	471	1540
1046	2706	1344	1046	612	1121	1345
1047	1047	603	1345	1344	1348	1355	1354	1420
1048	1048	984
1049	1292	1498	1049	1329
1050	1306	1389	1591	1171	1050	1492	1499
1051	1051	1052	2576
1052	832	1051	600	1052	1066
1053	1053	1568	1024	853	931	1191	1463	1197	1607
1054	1054	1249
1055	1055	607	1284	1059
1056	1056	1014	476	676
1057	1307	1359	631	1057	1484	627
1058	1058	2454	1211
1059	1059	1055
1060	1060	1136	2039	237	965	163	1523	1890
1061	1061	585	1010	426	1651	1578	1244	378
1062	1254	930	1323	1062	2651
1063	1063	1065	1628	1136	1153
1064	1937	332	1064	952	623
1065	1065	1305	163	1153	1279	1106	1063
1066	36	1066	1052
1067	1067	576	1801	570	834	1814	839
1068	1068	726	989	359	2499	2500
1069	1069	793	422	1096	1685	163	1455
1070	1070	1153	793	163	1016
1071	1292	1071	1498	1329
1072	1072	1520	839	354
1073	1073	1569	1636	1182	314	1112
1074	1074	1174	109
1075	1075	157	1340
1076	1076	1078	2461	1086
1077	1077	1153
1078	1078	1076	2461	1086
1079	1079	611	1718	1103	1389	864	1724	1315	975	1009
1080	1080	814	1129	1321	809	812
1081	1082	1259	1081	521
1082	1082	2312	1259	521	1081
1083	1083	1660
1084	1084	2035	858	991
1085	1085	1292
1086	1078	1527	1240	1086	1545	1076	1582	1641
1087	1087	1512
1088	1088	1565
1089	1089	1354
1090	1090	1023	1029
1091	1091	1014	676	476	1288
1092	569	1092	1484
1093	1093	2228	355	2085	122	1659
1094	1094	2228	355	1659	2085
1095	1095	792	1433	1360	798	1456
1096	1096	1069
1097	1097	1393
1098	1098	1305	163	1911	343
1099	1099	163	1178
1100	1100	1464
1101	1101	1111	1328	843
1102	1102	1174	985	1370	136	1479	1413
1103	1079	1103	1579	74	611	427
1104	1104	1260	1262
1105	1105	798	591	1026	2356
1106	1106	1065	163	1305
1107	1107	1328	1617
1108	1108	1507	1506	1503	1504
1109	1109	1328	2151	1570
1110	1110	1729	1728	793	163	1016
1111	1111	1570	1339	1101	1328	1412	258	2292
1112	1112	1618	719	1073	926	1403	2415	101	1512
1113	1113	1380	163	1153
1114	1114	1117	1371	1696	163	1261	1603	1588	602
1115	1115	1252	820
1116	1116	31	736	708	611	1593
1117	1117	1603	1261	2332	1225	562	910	1114	247	2089	1588
1118	1118	1540	134
1119	2405	1119	1203	881
1120	1677	1120	2275
1121	1640	540	806	1344	1121	1138	643	1046
1122	1534	1194	1122	799	578	594	717
1123	1123	1674	1354	1680	541	539	1176	1188	75	1483
1124	1124	1567	453	1566
1125	1125	817	1496	166	818	1483	857
1126	1126	2372	2371	2489	580	1497	583	923	1212
1127	1127	938	728	1153	163	793
1128	1128	76	1393	1288
1129	1129	809	1190	1222	814	919	26	1080
1130	1130	1334	163	959
1131	1131	1253	910	966
1132	1132	1309
1133	1133	719	1666
1134	1134	1264	2281
1135	1135	1444	1174	1442
1136	1136	1523	1575	1286	1558	1030	163	800	935	1063	1142	1516	1018	1060	727	1594	1740	1333
1137	558	1137	1459	1687
1138	806	1138	1597	1121	1344	1420	2706
1139	793	163	1139	1598	780	1018	1572
1140	1140	1311	2294	910	966	965	811	964	981
1141	1141	1172	1240	1241
1142	1142	1136	1018
1143	1404	2429	1143	2165
1144	1144	592	1509
1145	1145	1323
1146	1146	1676	820
1147	1147	1347	161	1240	772	1241
1148	1148	486	1534	1597	1355	285	30
1149	1150	912	1323	2044	1149	1891
1150	1630	1323	1150	912	1149
1151	1151	1350
1152	1152	1453
1153	1153	1070	1257	1675	1063	163	1455	1205	1204	1611	942	1127	856	1410	1077	1219	1065	1113
1154	1154	819	1531
1155	1155	1812	783	1328	785	1601	862	1407
1156	1156	1013
1157	1157	741	1700	1704	745	687
1158	1158	1550	1555
1159	1159	1485	163	2564
1160	1160	1166
1161	1592	1560	2423	1702	1161	2657	2324
1162	1162	1613
1163	1498	1163	1534	1497
1164	1164	1584	1626	1570
1165	1165	430	1327
1166	1166	1160
1167	1167	1332	1330	1331
1168	1168	802
1169	1169	1454	1284	524
1170	1170	1198	517
1171	1171	1050
1172	2108	1172	2341	915	1141	623
1173	1173	318	1328	2583
1174	414	1174	902	1074	893	1033	1135	1102	303	1297
1175	1175	1325	1628
1176	1176	1123	1285	1592	1354	2272	254
1177	1177	1519	1180	1620	1627
1178	1099	1232	1230	1231	1690	1178	1688	1737	995	163	1362	1736	854	956	1034	1476
1179	1179	946
1180	1180	1177	1620
1181	1181	25	569	1431
1182	1073	1010	1569	1182	1726	1684	1578
1183	1183	1202	562	1193	738
1184	860	120	1362	1184	844	141	2199	781	1784
1185	1185	1521	1000
1186	1268	492	1186	591	1309
1187	1187	426	1234
1188	1188	1123	1354
1189	1189	1687	638	1643
1190	1190	1129	809	1321
1191	1191	2423	661	1053	1290	692
1192	321	1192	2473	2150	875
1193	1193	1183
1194	594	1122	1194	1621
1195	1195	1323	1203	1630
1196	1196	840	1038
1197	2634	1290	1197	1484	1053
1198	1198	859	418	1296	1170	517	1683
1199	1199	1702	1550
1200	1520	1200	570	576
1201	1201	1240	325
1202	1202	1183
1203	1203	1195	1411	816	1119	881	779	1630	542
1204	1204	537	1153	129	2624	538
1205	1153	793	163	1205	1016
1206	789	1206	163	1544
1207	900	378	163	1207	1333	430
1208	1208	1429	1434
1209	1209	1215	539
1210	1210	883	539	1453
1211	1211	1247	1520	1058
1212	1212	1552	1126	580	818	1497	817	819
1213	1213	738	565	1649
1214	1214	1635	523	583
1215	825	1215	824	1707	1699	818	580	1209	819
1216	1216	1571	1299	1719	1035
1217	1217	1349
1218	1218	1516	1670	1530	833	714	145	163	1035	1424	1571	1299
1219	1219	163	1153
1220	1220	1618	1608	1484	74
1221	1221	1797	910	2703
1222	1129	1222	809	1321
1223	1607	1223	1335	848	1422
1224	1224	2673	145	163	1333
1225	1225	1333	163	1117
1226	1226	1234	1290
1227	1227	1236
1228	1228	1693	1688	1649	1687
1229	1229	809	1615
1230	1230	2470	1231	1178	2598	995
1231	1231	1495	1232	1230	995	1178	2086	854	956	1985
1232	1232	2211	1231	1178	2598	995
1233	1233	922	923
1234	1234	1275	790	977	1510	1187	1263	13	1226	937
1235	1235	1512	2508
1236	1669	1236	382	296	1227	861
1237	1237	1521	1457	1422	1484	826
1238	1238	1550	1025	378	1290	1500
1239	1239	1387
1240	1240	897	841	999	1147	912	1201	742	998	1086	987	950	1141	1241	1527	84	1347	772
1241	1241	772	2559	1147	1347	912	998	1141	1240	84	950
1242	1242	939
1243	1243	1245	570	1524
1244	1596	1244	348	314	344	1061
1245	1245	1243	1524	1520	570	576
1246	1246	570	1520
1247	1247	1211
1248	66	1248	688	835
1249	1249	1474	1054	1734	1408	793	1728	1473
1250	1250	399	1251
1251	1251	399	1250
1252	1252	1477	1115	1485	907	830	1634	829	918	820
1253	163	1311	965	1253	811	910	1131
1254	1062	930	1254	1464
1255	1255	95	358	99	894
1256	1256	2675	1019	881	1644
1257	380	1153	163	1872	1719	1257	2175	2259	2087
1258	1258	1520	570	576
1259	1259	136	2312	2213	92	1944	1081	521	1082	893
1260	1260	1269	344	1312	654	2090	1104
1261	1117	2089	1261	1114	247
1262	1262	1104
1263	1263	2585	1234
1264	1264	1738	1134
1265	1265	1725	611	921
1266	1663	1266	1301	1576	836
1267	1500	1335	1267	1512	344
1268	1268	1414	976	1842	1757	788	2419	2140	1898	2323	1186
1269	418	1312	569	2618	1260	876	1269	453
1270	1270	2342	430	1335	208	627	236
1271	1271	997	236
1272	1272	1451	1346	1281	1604	1282
1273	1273	1422	319	569	826	686
1274	1305	1303	163	1274	343	427
1275	1275	2291	2290	426	2617	344	378	1234	585
1276	1276	1506	1503	1525	1504
1277	1277	1533	2277	2470	1476	163	2152
1278	1278	486	1534	289	583
1279	1279	1065
1280	1280	955
1281	1346	948	1471	1282	1272	1281	1604	1451
1282	1282	1446	1494	948	1281	1022	1471	1272
1283	1283	142	823	427	391	1547	1318	1284	230
1284	430	427	1169	1283	1055	1284	230
1285	1285	405	1176	1298	770	1382	968
1286	1286	163	1136
1287	1287	905	499	787	945	810	976	1437	1414	1397
1288	1288	1461	1593	1091	1414	107	787	108	1128	1502	499
1289	1289	157	1452
1290	1290	1019	1238	1918	218	1712	2329	429	378	2080	2169	1191	1197	1226	893	1025	1644	423
1291	1291	1548
1292	1292	1049	960	1071	1085
1293	1293	2284	672	1606	1592	1600
1294	1294	915
1295	1295	886
1296	1296	1198	456	109
1297	1297	1174
1298	407	1298	409	1592	1285
1299	1299	1392	1216	714	1218
1300	1320	1300	1342
1301	1301	1266	1595	2346	960
1302	1302	983
1303	1303	2202	2347	163	1274	343
1304	1304	1354
1305	1106	728	1305	1016	1098	163	1274	1065	1575	1740
1306	1306	1310	1499	1050	607
1307	1307	1657	1057
1308	1507	1506	1503	1308	1504
1309	1309	924	1186	1132
1310	1306	1310	1499
1311	1311	1140	1253	910	764
1312	1312	418	344	638	1269	1428	1260	1622
1313	1313	1005	1623	1382	1655
1314	1314	1529
1315	1315	2595	668	2452	611	1079
1316	1316	882	565	295
1317	1317	1354
1318	227	427	1318	142	1283
1319	1319	1391
1320	1320	1300	359	808
1321	1321	1190	1041	297	1222	814	1080
1322	1322	323	1027	2539	1622	1020
1323	1323	1150	1149	1145	1195	1062
1324	1324	260	1543	1747	2076
1325	2170	1175	2309	1325	219
1326	1326	248	1747	105	2434	2161	971	2144	1602	776	419
1327	1327	1165	638	1569
1328	1644	1107	927	1328	1513	1020	1173	1031	1101	1423	947	1584	1412	783	785	1155	1109	1568	1111
1329	1020	1986	1071	1329	2127	1049
1330	1330	793	1167
1331	1331	1167
1332	1332	1167
1333	1333	1467	1708	578	1224	1207	1136	163	793	1369	1514	1225
1334	1334	1130	1696	163	793
1335	1339	1337	1032	1270	885	1024	1335	1267	944	1607	1512	1478	1223
1336	1336	1478	1027
1337	1337	2300	944	2343	1335	1020
1338	1338	855	1654	1015	917	784
1339	1339	2677	1678	2443	434	1335	1111	1570
1340	1075	427	1340	157
1341	1341	1044	812
1342	2454	1342	1300	359	808
1343	1456	672	1364	1363	1343	1003	1004
1344	1344	1046	1047	1138	1345	1121
1345	1345	1640	1047	1344	1046
1346	1346	1451	1272	1281
1347	1347	1147	84	1240	1241
1348	612	1535	1348	1047	1537
1349	1349	1217
1350	1350	1151
1351	900	1351	1498
1352	1352	2674	611	1672
1353	1353	934	2302	2317	294
1354	1047	1680	1426	75	1674	1304	1089	1123	1420	313	1176	806	479	1188	1040	1039	1354	1465	1317	994	1695	992	1001	911
1355	1648	1640	1148	1355	1047
1356	1356	667	1430
1357	1461	1357	1511
1358	1358	1661	1567	591	453
1359	1359	1057
1360	1360	1095
1361	1361	1463
1362	1362	1184	2175	163	1178
1363	1363	672	2168	640	1343	786	1364	2475	2653
1364	1364	1363	1469	1705	1343	1003	1004
1365	1044	814	809	1365	812
1366	1366	2374	2373	2413	2513	2414	2562	2239	1373
1367	1367	817
1368	1368	991	454
1369	1369	1333
1370	1370	2692	1102	136
1371	1371	1114
1372	352	904	1372	896
1373	1373	1366	565	1718
1374	1374	869	1548
1375	560	1375	1452	157
1376	1376	1546	1727	306	565	738
1377	288	1377	313	1642
1378	173	2485	1540	1378	970	239	1440	575	82	565	21	882	559
1379	1379	163	1611
1380	1113	1380	1611	1717	163	793
1381	1524	570	1381	576
1382	1382	1285	1313
1383	1383	1384	152	1398
1384	1384	1383
1385	1385	1706	1653
1386	2360	1386	1715	672
1387	1387	1239
1388	1388	1027	1025	848	1586
1389	1389	1050	2707	1079	821
1390	1390	1491
1391	1391	1319
1392	1392	1299
1393	1393	905	1128	1502	976	1397	1414	1097	1437
1394	1394	967
1395	1395	1541
1396	1396	970
1397	1397	905	1287	1393
1398	1398	1383
1399	1399	427	1463
1400	1400	848	967
1401	951	1554	1401	2605	562	565
1402	1402	847
1403	1403	1112
1404	1404	755	1143	163	219
1405	1405	427	1463
1406	1406	1463
1407	1407	1155	862	1626	783	1812
1408	1408	1931	1921	1249
1409	1409	1797	2600	129	2220	2703	789	958
1410	1410	163	1153
1411	1411	2203	1203	881
1412	1412	1111	1328	1431
1413	1413	136	1102
1414	1414	1288	1393	1287	788	945	1268
1415	1525	1504	1415	1506
1416	1416	922	923
1417	1417	1421
1418	1418	989	2499	726
1419	1419	1550	525
1420	1420	1354	1047	1138
1421	1421	1417	821
1422	1422	1237	828	826	550	1657	1223	1273
1423	1423	1328	2583
1424	1424	1530	1218	1799
1425	1425	1550	525	684
1426	1426	1354
1427	1427	525	1550
1428	1428	2329	2493	2539	2079	1622	2617	2424	2229	1601	1312
1429	1429	675	1208	1601
1430	1356	1430	569	1484
1431	1431	861	1412	698	1181
1432	1432	965	910	964	1573
1433	1433	1026	1095	798
1434	1434	1208
1435	1435	1043	1028	1042
1436	1436	895
1437	1437	891	787	1393	1287	1593
1438	1438	807	294	565
1439	803	1439	53
1440	1378	1440	82	565
1441	1441	941	1638	1717
1442	1442	414	344	1135	675	1445	1444
1443	1443	1540
1444	1444	1442	1135
1445	1442	1445	675	344	414
1446	1446	1282	948
1447	1447	1515	566	1581
1448	1448	1621
1449	1449	453	1025
1450	1450	1710	731	808
1451	1272	1604	1281	1451	1346
1452	560	1289	1452	157	1375
1453	1210	539	1453	1152
1454	1454	524	1169
1455	1455	1694	793	1685	1069	1153
1456	1456	308	1095	1343	1469
1457	569	1457	828	163	826	1462	1237
1458	1458	1714	838
1459	1459	775	1540	2404	1687	2078	633	2221	45	749	57	210	804	1137	671	167	473	566
1460	1460	638	924	672
1461	1461	1288	304	1593	954	1357
1462	1462	1657	1457
1463	1463	1361	1053	1512	999	931	1399	1406	1405
1464	200	1021	1464	1100	1254	1470
1465	1465	1354
1466	1466	1650	943	1016	728
1467	1467	1333	163	793
1468	1468	848	638	847
1469	1469	1705	1364	1456	1003	1661	1004
1470	1470	411	1464	1037
1471	1471	1282	1281	693	447	1501	1633
1472	1472	878
1473	1473	1249	380	1474
1474	1474	1249	1473	1728	380
1475	1475	1642	801
1476	1476	1178	1277
1477	1477	1252
1478	1478	1336	2338	1335
1479	2017	1102	136	1479	2543
1480	1480	924	1532
1481	1481	965	966	910	964	1573
1482	1482	1484
1483	1483	1123	857	1498	2052	1125	2060
1484	1484	1197	1430	822	1482	1057	1500	1092	1521	1237	931	1220	1522	1692
1485	1485	1252	1159
1486	1486	1008	426	1569
1487	1487	1528	1532
1488	1488	611	427	1668	206	980	1490
1489	1489	177	837
1490	1490	531	206	1488
1491	1491	903	1605	1390	851
1492	1492	1050	1724
1493	867	774	1493	611	1732
1494	1494	1282
1495	1495	995	1231
1496	1496	1125
1497	1497	1126	580	901	1212	1163
1498	1498	2450	1351	289	1071	1049	1483	1534	582	1163	163	2158	2398
1499	1499	1310	1306	611	1050
1500	1500	1238	1267	1484	2180
1501	1501	693	447	1471
1502	1502	577	1393	1288	772
1503	1503	1276	1108	1507	1504	1525	1308
1504	1504	1506	1308	1108	1276	1507	1503	1415	1525
1505	1505	865	932	251	2560
1506	1506	1308	1276	1108	1507	1415	1504	1525
1507	1507	1108	1506	1503	1308	1504
1508	1724	1508	668
1509	589	1509	592	1144
1510	1510	790	2057	1234
1511	1511	1357
1512	1112	1608	1267	1335	1671	999	1235	949	1512	1087	1463
1513	1513	785	862	1812	1328	634
1514	1514	429	1333
1515	961	936	163	1711	1581	1515	1447	988
1516	1516	1136	833	1218
1517	1517	1612
1518	1518	1536
1519	1519	963	1177
1520	1520	1072	1211	920	1200	1258	354	872	1526	1524	1709	570	834	1246	839	873	59	874	1245
1521	1237	1521	1185	1484	70
1522	1522	569	1484
1523	1523	815	1060	813	1136	343	880
1524	1524	576	1245	1381	570	1520	1526	1243
1525	1276	1415	1506	1503	1525	1504
1526	1526	839	1524	576	1520
1527	1527	1894	260	2221	1086	827	419	909	2420	211	1543	2561	2524	1747	2166	1240	2525	971	2076	2088
1528	1528	151	426	1487
1529	1529	882	565	1314
1530	1530	1218	145	163	1424	2089
1531	1154	983	66	1531	887
1532	1532	782	577	1480	1487	558	327	925
1533	1533	900	781	970	846	1730	1277
1534	1534	1163	1597	1148	1556	289	1122	1498	1278
1535	1535	289	1537	1348	629
1536	1536	2504	1518	1728	163	207
1537	629	1535	289	1556	1537	1348
1538	1538	1724
1539	924	378	1539	638	449	2091	136
1540	1540	1443	1378	1459	565	1118	1045	842
1541	1541	1395
1542	1542	801
1543	1543	1527	1324
1544	1544	1206	163	566
1545	1086	1545	1909	1582
1546	1546	1376	565	63
1547	227	1547	427	142	1283
1548	1548	1374	76	1291
1549	1549	339	1602
1550	1550	1555	1419	1425	1238	1427	84	684	157	1158	1624	1199
1551	272	1551	914
1552	1552	1554	1212	1553
1553	1553	1554	1552	82	901
1554	1554	1553	951	1552	901	1401
1555	1555	558	1158	1550
1556	1556	1534	1537
1557	1557	650	691	1649	1687
1558	1558	2564	163	1136
1559	1559	1683	1664	1697	740	1791	2658	929	71	1703
1560	456	1560	1161	791	2198	535
1561	1561	967
1562	1562	631	355	627	1637
1563	1563	53	803	357
1564	687	1564	899	745	611	1672
1565	1565	899	1088
1566	1567	1566	453	1124
1567	1567	1358	1124	1566
1568	1568	1328	1053	430
1569	1569	1008	1726	1182	1010	1486	1073	430	208	1609	1011	877	1587	1327	1721	1684	1679
1570	1109	1339	1164	1570	1111	1678	634
1571	1571	2202	1216	163	1218	343
1572	1572	1598	163	1139
1573	1481	764	1573	910	163	1432	2174	1673	636
1574	1574	1017	484
1575	1575	1305	163	1136
1576	1576	375	1266	426	1595
1577	1577	1580	658	427	343
1578	1578	1622	1061	1010	877	1651	1182
1579	1579	1103
1580	1580	1577	689	1625
1581	764	1581	657	1447	1515	1711
1582	1582	1909	1086	1545	1908	2677	632	2017
1583	2396	900	1583	2563
1584	2037	1328	1584	1164	2151	1626
1585	804	565	1585	738
1586	1586	1388
1587	1587	1569
1588	1588	2334	1114	1117
1589	1589	910
1590	1590	965	163	910
1591	1591	1050	1701	871	33	36	954
1592	1592	1293	1734	405	1161	1298	1176
1593	1593	1288	1116	1461	978	1437
1594	1594	163	1136
1595	1595	151	2675	2346	1863	1576	1964	1301	1862	1776	1657	1824	836
1596	1596	314	1244	348
1597	1148	1138	1597	1534	486
1598	1598	780	1139	1572
1599	1599	1697	671
1600	1600	411	1293	946
1601	2423	1429	1644	1155	1601	224	1428
1602	1602	971	1549	339	1326
1603	1603	1117	1114	2089
1604	1604	1272	1281	1451
1605	1605	1491
1606	1606	409	1293	28	826	2381
1607	1607	848	1223	1335	1053
1608	1608	949	431	1512	987	1220	2225
1609	1609	1569
1610	1610	1028	1037
1611	1611	1380	1379	100	163	1153
1612	1612	1517
1613	1613	1619	784	1162	99	1614
1614	1614	1613	1619
1615	1615	1639	809	1229
1616	1616	882	523	565
1617	1617	1107	430	236
1618	1618	2343	1220	1112
1619	1619	1722	1614	1723	99	1613
1620	1620	1177	1180
1621	1621	1448	300	594	824	1194	752
1622	1622	1578	1312	1428	344	1322
1623	1623	1313
1624	1624	1550
1625	1625	1580
1626	1735	1698	1626	1164	1584	1407
1627	1177	344	1627	479
1628	1628	1063	1175
1629	1629	796
1630	1150	1195	1630	1203
1631	2407	2330	1631	2604	934	2598
1632	1632	1687	471	68
1633	1633	1471
1634	1634	74	1252
1635	1635	1214	1706
1636	1636	1073	2074	928	1684	983	245
1637	1637	1562	430	157
1638	1638	1441
1639	1639	809	1615
1640	540	1345	1121	1640	603	1355	2706
1641	1641	1086	71	558
1642	1642	986	313	1475	1377
1643	1643	773	566	1189	868	1649	649
1644	1644	1290	318	1601	1863	1862	462	2423	1964	2484	1328	2364	378	822	1732	701	1256	322	2616	2409	986	2614
1645	1645	204	477	797
1646	1646	943	145
1647	1647	2074	2586	1908	1684	2615
1648	1648	1355
1649	1649	1557	148	1213	1228	1687	868	691	1643
1650	1650	163	1466
1651	1651	1578	1061	877	1010
1652	1652	1659
1653	1653	1385
1654	1654	852	1338	855
1655	1655	1313
1656	1656	731	2357	1710	527	1822
1657	1657	1307	1595	1462	1422
1658	1658	884
1659	1094	1659	1652	1093
1660	1660	1083	952
1661	1661	1469	1358	791	453	109
1662	1662	1036
1663	1663	1266	1756	2504
1664	804	1697	1664	1559	740
1665	1665	539	883
1666	1666	719	1133
1667	1667	1697	740
1668	2535	1488	1910	1668	611	2378
1669	1669	1236
1670	1670	1016	1218
1671	1671	1512	344
1672	1672	696	899	1564	294	903	807	1352
1673	965	1673	966	910	964	1573
1674	1674	1680	1354	1123
1675	1675	163	1153
1676	1676	1146	565	523	207	74
1677	1677	1120
1678	1678	1570	1339	378	861
1679	1679	1726	627	1569
1680	1680	1123	1354	1674
1681	1681	1682
1682	1682	1681
1683	1559	740	1198	1683	1697
1684	1684	1647	1636	1569	314	1182	1726
1685	1455	422	163	1685	1069
1686	1686	837	2426	2282
1687	1557	148	1137	1189	773	523	1687	1228	1632	1649	1459	898	54	870
1688	1688	1228	1178
1689	38	538	1689	1738	163	219
1690	1690	1736	995	1178
1691	1691	422	163	793
1692	1692	228	1484	70
1693	1693	1228
1694	1694	793	1455
1695	1695	1354
1696	1696	1771	2250	2175	1971	1114	163	2330	1769	1334	1943	1872
1697	1697	804	1683	1667	1599	929	1559	1664	16	1703
1698	1698	1626	2597	686	66	430
1699	1699	799	1215	2656
1700	1700	1157	745	687
1701	1701	36	832	1591	33
1702	1702	1199	1161
1703	1703	1697	1559	740
1704	1157	1704	745	687
1705	1469	1364	1705	2356	459
1706	1706	1635	799	1385
1707	1707	825	1215	824
1708	1708	1333
1709	839	59	570	1709	1520
1710	1450	1710	576	1656
1711	1581	1711	1515
1712	1712	1025	1290	569	453
1713	1713	1991	138	1978	1982	1870	889	2153	1992	2510	1716	41	2002	115	892	416	468
1714	1714	1458
1715	1715	1386	1734	163	793
1716	1716	892	1713	2153	1982	138	1991	41
1717	941	1380	1717	163	1441
1718	1718	1373	2138	1867	201	1079	157	28	810	2413	2582	2414
1719	1719	1257	2175	1216	2363	2261	1911
1720	1720	849
1721	1721	1569
1722	1722	1723	99	1619
1723	1723	1619	1722
1724	1724	1508	1492	1079	1538
1725	1725	1265	921
1726	1726	1684	1569	1679	1182	314
1727	1376	1727	565	738
1728	1728	1775	1249	1110	1474	163	129	1536	168
1729	1729	1110	163	1016
1730	1730	1533	1034
1731	1731	888
1732	853	1732	2225	1644	611	1493	2423
1733	1733	41	904
1734	1734	1715	793	163	1249	1592
1735	1735	1002	1626	983
1736	1736	1737	1178	1690
1737	1737	1736	380	415	1178
1738	1264	1738	1689	219	538
1739	1739	641	848
1740	1740	1136	1305
1741	1841	738	601	1741	565	492
1742	1742	2456
1743	1743	2192
1744	1744	2041
1745	2175	1745	2641
1746	1746	1948
1747	1747	2434	1527	1324	2559	2160	1326	419
1748	456	1748	2182
1749	1749	2164
1750	1750	2106
1751	1751	2691
1752	1752	2706
1753	1753	2268
1754	1754	1867	1869
1755	1755	611	2432
1756	1663	2613	1756	2603	168	745
1757	1757	2221	2341	1842	1268
1758	1758	2412
1759	2288	1759	2697	2698
1760	427	1760	1879
1761	1761	2208
1762	1762	2694	571	2495
1763	1763	2611	745	639	611	407
1764	1764	1938	1770
1765	1765	1938	1770
1766	1766	1810	427	477
1767	1767	2257	500
1768	1768	2257
1769	1769	1696	2330
1770	1765	1770	1938	1764
1771	1771	1872	1775	1696
1772	1772	2307	2351
1773	1773	2545
1774	1774	990	2619	1891	1968
1775	1775	1728	1771	163	1795	2116	2082	1793
1776	1776	1595	136	2543
1777	1777	2064	1802
1778	1778	731	2024
1779	1779	2007
1780	1780	2007
1781	1781	2663	1819
1782	1782	2328	134	295	565	566
1783	1783	48	2348
1784	1784	844	1184	163	2199	380	2688	2705	55
1785	1785	2564
1786	1786	2207
1787	2499	1787	2676	359
1788	1788	1795	2178	2181
1789	1789	2469
1790	2334	22	415	1790	523	565
1791	1791	1559	682	1859
1792	1792	430	2067	163	582
1793	2082	1795	1793	2178	1775	2181
1794	1794	1795	2545	2178
1795	1795	1788	2181	2545	1775	2178	2082	1793	1794
1796	1796	833	1917	2001	1030
1797	1797	1221	1409	2200
1798	1798	2120
1799	1424	1799	2205	163	727
1800	1800	1995	2016	1994	342	1907	1901
1801	1821	1814	1801	576	1067
1802	1802	2064	1777
1803	1803	1913	84	99
1804	1804	2289	1805
1805	1805	2289	1804
1806	1806	2570	2279
1807	1807	163	2490
1808	1808	638	2210
1809	1809	2585	2071
1810	1810	1766
1811	1811	2410	427	204
1812	1812	785	862	1513	1407	1155	2364	783
1813	1813	1818	2393	503
1814	1814	834	1067	570	1801	576
1815	1815	253	238	2671	489	2670
1816	1816	1934	558	2485	559	566
1817	1817	2464
1818	1818	2029	2073	1813
1819	1819	1781	2580	224
1820	2383	1820	2569
1821	1801	1821	834
1822	1656	1822	2662
1823	1823	2487	2580
1824	2675	1824	2006	102	1595
1825	979	1966	1825	978	68	121
1826	1826	689	2630
1827	1827	1962	574	2083	2224	299	2110
1828	1828	2018	567	2014
1829	1829	2421
1830	1830	2585	2466
1831	1831	1836	163	1832
1832	1832	1831	55	1836	415	2334
1833	1833	2367
1834	1834	1905
1835	1835	2182	2011
1836	1832	1831	1836	415	2334
1837	1837	382	2132
1838	2514	719	1838	1908	485	2380
1839	1839	2688	290	2705
1840	1840	2688	2705
1841	1841	1741	564
1842	1757	2341	1842	1268
1843	1843	2626
1844	1844	1979	1845
1845	1845	979	1844	68	1979
1846	1846	1847	2537	1927
1847	1847	1846	1927
1848	1848	2483
1849	1849	2163
1850	1850	163	2554
1851	1851	503	1896
1852	1852	99	2592
1853	1853	2320	1861
1854	1854	1864	1855	2482	2122	75	2048	2645	1976	2299
1855	1855	2075	1854	75	2122	2482	1864	2299
1856	1856	2421
1857	1857	2020	2681	2540	160	125
1858	2528	1858	2481
1859	471	554	548	565	621	1859	1791
1860	1860	906	548	683	2658	2428	2430
1861	1861	1853
1862	1862	1964	1863	2675	1644	1595
1863	1863	1964	1862	1644	1595
1864	1864	1855	1854	2276	2122
1865	1865	2107
1866	1866	2272
1867	1867	1754	1718
1868	1868	2421
1869	1869	1754	2409
1870	1870	1713	2362
1871	2499	1871	359
1872	1872	1771	1696	163	1257
1873	1873	1998
1874	1874	1920
1875	1875	2553	2439	407	1891
1876	1876	2634
1877	578	717	2215	251	1877	414
1878	2624	1878	2571
1879	763	1879	2355	1760
1880	1880	2302
1881	1881	2450	344	2449
1882	1882	1989
1883	1883	2177
1884	1884	1885	1902	745	1886
1885	1885	1902	1886	745	1884
1886	1902	1885	1886	745	1884
1887	1887	2258	1902
1888	507	1888	2427	109
1889	1889	2648	730	562	2586
1890	1890	2039	163	1060
1891	1891	58	1149	411	1875	1774	206	200
1892	1892	2131
1893	1893	1908	102	1895
1894	909	1527	827	2144	1894	2524
1895	1895	1893	638	102
1896	1851	1896	496	2393
1897	1897	1003	640	732	25	2146	2182
1898	2140	278	1898	1268	2108
1899	1899	327	2292
1900	1900	2492
1901	1901	2301	1800
1902	1902	1887	1886	1884	1885
1903	1903	2612
1904	1904	2556	643
1905	1905	1834	163	55
1906	1906	2421
1907	1907	1800	1995	2301
1908	1908	1582	442	2514	1647	1893	1838	2561
1909	1582	632	2677	1909	1545
1910	2661	2366	1910	2488	2375	2575	705	2159	2242	1668	2416	2081	2506
1911	1911	290	1719	1098	860	2087	2206
1912	1912	304	1932
1913	1913	1803	416
1914	1914	427	2176
1915	1915	2497	1981
1916	1916	2400
1917	1917	2334	1796
1918	1918	1290	2329
1919	2431	1007	1919	638	2426
1920	1920	1874
1921	1921	1408	2402	523	1931
1922	1922	2026	570	576
1923	1923	2114	1928	71	2227
1924	1924	345	2040	2327
1925	1925	2392	2133	2206
1926	1926	748	1941
1927	1927	1847	2537	1846
1928	1928	2570	667	1923	74	2114	2124
1929	1929	2349
1930	1930	2512
1931	1931	2277	523	2402	1408	1921	2624
1932	1932	18	1912	2024	576	745
1933	1933	36	2660	748
1934	1934	1816	423	2463	76	558
1935	1935	2340	611	2499
1936	1936	1943
1937	1937	1064	623	107	2293	389
1938	1938	1770	1764	1765
1939	1939	2307
1940	2250	860	1940	2220	2175
1941	1941	748	1926
1942	1942	2573
1943	1943	1936	163	1696
1944	1259	1944	2091
1945	1993	1945	342	729
1946	1946	1030	2516
1947	1947	2557
1948	1948	1746
1949	1949	1960
1950	1950	2220	2226
1951	1951	2303
1952	2396	1952	2029	2393	503
1953	1953	2107
1954	1954	2183	321	98	978	2222	2150
1955	1955	2194	2149	2190
1956	735	2527	1956	2649
1957	1957	565	2536
1958	1958	2220	2226
1959	1959	2259	120	177
1960	1960	1949
1961	1961	2527	2100
1962	1962	2509	1827	574
1963	1963	286	378	2195
1964	1644	1595	102	2675	1863	1964	1862
1965	757	2089	1965	712
1966	1966	1825
1967	1967	2346	695
1968	1968	2619	527	1774
1969	1969	2200	2051	2309	2363
1970	1970	2486
1971	1971	2211	995	163	1696
1972	1972	2620
1973	1973	2451	247	129
1974	1974	667	2227	36
1975	1975	2689	2655	2408	427	565
1976	1976	1854
1977	1977	2318	2219	2153	2510
1978	1713	1978	2510
1979	1979	68	1844	1845
1980	1980	262	2202	2457	758
1981	1981	1915	2491
1982	1982	1716	1713	41	2153
1983	1983	2078
1984	1984	2206	2379
1985	1985	2065	995	1231
1986	1986	2462	1329	569	70	2338
1987	1987	2607
1988	1988	2401
1989	1989	1882
1990	201	2093	1990	121	233
1991	1991	2510	1713	1716
1992	1992	2153	1713
1993	1993	2546	276	1945	342	729
1994	1994	1995	2097	1800	2241
1995	1995	1800	1907	1994	2097
1996	1996	1997
1997	1997	1996
1998	1998	1873
1999	1999	2003	427	2515
2000	2000	467	2115
2001	2001	1796	833
2002	2002	2510	2153	1713
2003	2003	1999	2515
2004	2004	2040	2360	672
2005	2005	2345
2006	2006	1824
2007	1780	2007	68	1779
2008	2008	2022	2153	2219
2009	2009	2534
2010	2010	2447
2011	2011	2182	2633	1835
2012	2012	2135	378	102
2013	2013	74	2382
2014	2014	1828	562	2018
2015	2034	2015	2092	2327
2016	2016	342	1800	467
2017	2017	1582	2677	1479
2018	1828	2018	562	2014
2019	2019	157	2147
2020	2020	1857
2021	2021	87	157	2218	2428
2022	2022	2008	2153	2219
2023	2023	2135
2024	2024	737	1778	1932	427
2025	2025	2693	2153	2377
2026	2552	1922	2026	570	576
2027	2027	636	2409	465	565
2028	2028	1003	2653	308
2029	1818	2029	1952	2393	503
2030	2316	744	2130	2131	2128	2077	2030	2659	743
2031	2031	2171
2032	2032	344	2171
2033	2033	430	2622
2034	2034	2015	2327	577	453	558
2035	2035	2303	1084	858
2036	2036	2696
2037	2037	2151	1584	288
2038	2038	2692	985
2039	2254	1890	2039	163	1060
2040	2040	2360	2004	672	574	1006	1924
2041	2041	1744
2042	2042	378	2428
2043	2043	2270
2044	80	2683	2044	427	1149
2045	2045	638	2550
2046	616	2107	2046	268
2047	2047	2111
2048	2048	1854
2049	2049	2306	2218	2410
2050	2050	611	2378
2051	2051	1969
2052	2052	2062	1483
2053	2053	2690	488	109	2685	2054
2054	2053	109	2685	2054	640	591
2055	2055	2352
2056	2056	271	2095
2057	2215	1510	2057	790	2465	2695
2058	2058	757	755	2232
2059	2059	453	2651
2060	2060	857	2062	1483
2061	2061	2062	96	215
2062	2062	2061	2066	2052	2060
2063	2063	2494
2064	2064	1777	1802
2065	1985	2065	2086
2066	2066	985	159	2062	2674
2067	2067	1792
2068	2068	355	2228
2069	2069	2434	260
2070	2070	2602	2640
2071	2071	1809
2072	2072	667	2227	36
2073	2073	1818
2074	2074	1647	2615	2607	1636
2075	2075	1855
2076	1324	211	1527	2076	2559	772
2077	2077	743	744	163	2030
2078	2078	1983	2406	295	1459	2474
2079	2079	1428	2609
2080	2080	1290	2329	2609
2081	2081	1910	2159	2366
2082	2082	1795	1775	2545	1793	2178
2083	2083	299	2511	1827
2084	2084	2615
2085	2085	1093	2228	1094
2086	1231	2086	2065
2087	2087	1911	2261	2175	1257
2088	2524	2167	2088	1527	2525	248	776
2089	2089	1117	1965	1603	1261	357	714	1530
2090	2090	1260	2530
2091	2091	2617	1539	1944	303	585	2438
2092	453	2092	2015
2093	2093	283	1990
2094	2094	2164
2095	2095	2056	157	2230
2096	2096	2142
2097	2097	1994	1995
2098	2099	2098	453	2156
2099	2099	2098	453	569	456
2100	2100	2527	1961
2101	2101	2470
2102	2102	2664	144	189
2103	415	2103	2334
2104	2302	2104	403
2105	2105	2621
2106	2106	2649	1750	735
2107	2107	2496	2571	2046	2574	1953	1865	613
2108	1172	2108	1898	2140
2109	2109	2185
2110	2110	1827	299
2111	2111	2302	2047
2112	2112	2572	365
2113	2113	2586	2623
2114	2114	2124	1928	1923
2115	2115	2000	276
2116	2116	163	2125	1775
2117	2117	2639
2118	2118	565	2442
2119	2119	2154
2120	2120	1798
2121	2121	2212
2122	2122	1864	1855	1854	66	75
2123	2123	649	2482
2124	2114	74	2124	1928
2125	2125	2116
2126	2126	2591	2213	2339	426	2426
2127	2338	2127	1329
2128	2479	2128	2030
2129	2129	2454
2130	2130	2030
2131	2131	2030	1892	2319
2132	2132	382	1837
2133	2133	1925	2206	2199
2134	2134	2644
2135	134	2333	2012	2135	2583	2023
2136	2136	2148
2137	431	2137	2508	430
2138	2138	1718	2285
2139	2139	995	2220	2226
2140	2140	623	2292	1898	1268	2108
2141	2141	2511	2418
2142	2142	2096
2143	2143	2181
2144	2144	1894	1326
2145	2145	2408
2146	2146	1897	2182	1004	638	1003
2147	2147	2019	2498	2499
2148	2148	2136
2149	2149	2194	2190	1955	2188
2150	2150	1192	2179	2305	2183	1954	2222
2151	2151	1584	2037	2342	1109
2152	2429	2152	1277
2153	2153	2318	2219	2022	1716	1713	115	2002	2699	1992	889	1977	1982	2008	2025
2154	2154	2119
2155	2155	591	2467
2156	2156	453	2098
2157	2565	66	2157	288
2158	2158	1498	2449
2159	2159	2661	2081	1910
2160	2434	2160	1747
2161	2161	1326	2167
2162	2162	2599	2586	745
2163	2163	1849
2164	515	5	1749	2164	2094	2521
2165	2165	129	745	538	2363	2193	1143
2166	260	1527	2166	772	2524	2167	971	776
2167	2167	2161	2088	772	2166
2168	2168	2350	1363
2169	2169	1290	2420
2170	2170	1325	2237
2171	2032	2171	2031	638	344
2172	2172	159	2692	136
2173	2173	163	2204	846	636
2174	2174	764	2687	636	1573
2175	2175	1257	120	1696	2206	2087	2249	2259	2361	163	1745	2250	1009	1362	1940	1719
2176	2176	1914	2535
2177	163	2177	1883
2178	2178	1794	2181	2545	1788	1795	2582	2082	1793
2179	2179	321	2183	2150
2180	2180	2577	1500
2181	2181	1795	1788	1793	2143	2178
2182	2182	2011	1897	1003	591	2146	2633	1835	1748
2183	2183	2305	2179	2150	1954
2184	2184	2398
2185	2185	2109
2186	2186	2321
2187	2187	2321	2314	531
2188	2188	2194	2190	2149	2189
2189	2189	2194	2188	2365	2190
2190	2190	1955	2189	2188	2149	2365	2194
2191	2191	2275	362
2192	2192	1743	177
2193	2193	2165	129	538
2194	2194	2149	2190	2189	1955	2188
2195	2195	286	378	1963
2196	2196	2267	938	163	380
2197	2197	430	2342
2198	2198	2695	2537	1560
2199	2133	2199	1184	1784
2200	1797	2703	2200	163	1969
2201	2201	2233
2202	2202	1303	1571	163	2638	1980
2203	2203	1411	2405	881	2397
2204	2173	163	2204	846	636
2205	2205	1799
2206	2206	2261	1911	1925	2379	2175	2133	1984
2207	2207	79	1786
2208	1761	2208	2313	126	2234	2235
2209	2209	2689
2210	2210	1808
2211	2211	1232	854	1971
2212	2212	2121
2213	2539	2126	2213	2290	1259	2253
2214	2214	420	2223
2215	2215	2650	344	2057	675	1877	551
2216	2216	2705	2361	2688
2217	2217	2282	1007
2218	2218	2337	2049	2021
2219	2219	2022	2008	2153	1977
2220	2220	129	1950	290	2252	1940	2139	2226	2600	1958	1409	2478	2563
2221	2221	1757	1527	2404	1459	566
2222	2222	1954	2150
2223	2223	510	190	519	2214
2224	2224	1827
2225	2225	2423	256	1608	1732
2226	1958	1950	2139	2220	2226	2478
2227	2227	1923	2390	667	1974	2072
2228	2085	2068	2228	1094	127	1093
2229	2229	2663	344	1428
2230	2230	157	608	2095	611
2231	2231	136	2635
2232	2232	2058	163	411
2233	2233	636	703	2201
2234	2234	2208
2235	2235	2208
2236	2236	2262	2542	2435
2237	2237	2274	2170
2238	2238	2271
2239	2239	587	2414	1366	2507	2513	2413
2240	2240	2466
2241	2241	1994
2242	2242	1910	2661	2458
2243	2243	2245	831	2244
2244	2244	2243
2245	2245	2471	87	2243
2246	2246	2475	2356
2247	2247	2701	2263
2248	2248	2296	163	145
2249	2249	2175	2271
2250	2250	2271	1940	2175	1696
2251	2251	2296	163	145
2252	2252	2277	2220	2271
2253	2253	2213	2591
2254	2254	2347	2039
2255	2255	427	2412
2256	2256	2597
2257	1768	2257	1767	247	22	2444
2258	427	2258	1887
2259	2259	2175	1257	163	2271	1959	2261
2260	2260	611	2501
2261	2261	2259	1719	2206	2087
2262	2435	2236	2262	2542
2263	2263	2247	2701
2264	2264	2519
2265	2265	163	2347
2266	2266	2421	345	74
2267	2267	2196
2268	1753	2445	2268	2275
2269	2269	2277
2270	480	2270	667	2043
2271	2271	2250	2249	2252	2259	2238
2272	1176	2272	1866
2273	2273	2360
2274	2274	163	2237
2275	2275	1120	2191	2268	2522	2445
2276	2276	30	1864	486
2277	2277	1277	2269	2252	1931	2624
2278	2278	2284
2279	2279	1806	2579
2280	2286	163	2280	145
2281	2281	2429	1134
2282	2282	1686	2426	2217
2283	2283	2284
2284	2284	2283	2278	74	1293
2285	2311	2285	2138
2286	2286	163	2280	145
2287	560	2287	2315
2288	2288	2697	1759
2289	2289	1804	1805
2290	2290	378	344	1275	2213	585	2291
2291	2291	585	2290	1275	344	378
2292	2292	1899	1111	2140
2293	2293	1937
2294	1140	2529	2380	66	2294	649
2295	2295	881	163	2667	427
2296	2296	2251	2248	163	145
2297	2297	2304
2298	2298	163	2518
2299	2299	1855	75	1854
2300	2300	2636	1337	479
2301	1901	2301	2588	1907
2302	2302	2104	1880	2111	403	1353
2303	2303	1951	2035	858
2304	2304	2297	908
2305	2305	321	2183	2150
2306	2306	2049	427	2594
2307	2307	1772	1939	406
2308	2308	2652	240
2309	2309	538	403	1969	1325	681
2310	2607	318	66	2310	2583
2311	2311	2285	161	2448
2312	2312	2587	1082	1259	521
2313	2313	2208
2314	2314	2187
2315	109	2315	2287
2316	743	2316	2659	744	163	2030
2317	2624	2317	2429	1353
2318	2318	491	2153	1977
2319	2319	2479	227	2131
2320	2320	2511	1853
2321	2321	2370	2186	2187
2322	2322	359	2500	2498	2499
2323	2323	1268	492	788	2419
2324	2324	1161	2326
2325	2325	2538	611	745
2326	2324	2326	317	508
2327	2327	2034	1924	76	2015
2328	2328	1782
2329	1290	672	1918	2329	1428	2080	2589
2330	2330	1769	1631	2604	1696	2598
2331	2331	571	2694
2332	2332	1117	2334
2333	2333	102	2135	2583	318
2334	2334	1790	209	1836	602	2353	1588	2103	2332	54	1917	1832
2335	2335	74	2378
2336	2336	745	2579
2337	2337	2610	2218	2606
2338	2338	1478	1024	2677	2127	1986	2443
2339	2126	2339	344	675
2340	2340	611	1935
2341	2341	1172	559	2425	623	1757	788	1842
2342	2342	1270	2577	381	2197	497	2593	2151
2343	1618	2343	208	430	2443	1337
2344	2344	2707
2345	2345	2511	2418	2005
2346	2346	1301	1595	397	1967
2347	2347	2265	1303	2254
2348	2348	1783	2682
2349	2349	1929
2350	2350	2168	1004
2351	2351	1772
2352	2352	611	2055
2353	2353	415	2334
2354	2354	556	400	2360	2455	453	555
2355	2355	1879	217	763
2356	2356	1705	1105	2246
2357	2357	2499	1656
2358	2358	2503
2359	66	2359	2520
2360	2360	574	2040	1006	2004	2354	672	400	1386	556	2273
2361	139	2216	2361	163	2175
2362	2362	1870	2510
2363	2363	1719	2165	1969	163	129
2364	2364	862	1644	1812
2365	2668	2189	2365	2190
2366	2458	2366	2506	2081	2575	1910
2367	2367	2577	1833
2368	2368	85	465	2642
2369	256	426	2369	2607
2370	2370	2321
2371	2371	1126	583	2489
2372	2372	1126	2398	2489
2373	2373	2507	1366	2374	916	2414	2413
2374	2374	1366	2507	916	2513	2373
2375	2375	1910	2661	2416
2376	2376	359	2422	2499	2500
2377	2377	491	2025	468
2378	2378	2335	1668	611	2050
2379	2379	1984	2206
2380	2380	288	2294	485	2514	1838	215	2561
2381	2667	1606	2381	687
2382	2382	2013
2383	2383	427	1820
2384	2384	2460
2385	2385	2676	611	2499
2386	2386	2387
2387	2387	2386
2388	2388	427	2575
2389	2389	345	2421
2390	2390	2227	36	74	76
2391	2391	507	2427	2548
2392	2392	1925
2393	2393	1813	496	1952	1896	2029	663
2394	2394	2427
2395	2395	2665
2396	2563	1583	2396	163	1952	503
2397	2397	2203	2405
2398	2398	2399	2372	2184	1498	583
2399	2399	2398	136	2626
2400	2400	127	122	1916	124
2401	2401	1988
2402	2402	1931	1921
2403	2403	649	2581
2404	2404	1459	2221
2405	2405	2203	1119	881	2397
2406	2406	2078
2407	2407	2704	1631
2408	2408	1975	523	2145
2409	1869	2543	477	638	2027	174	2409	1644	2672
2410	2410	204	1811	2049
2411	2411	2666
2412	2412	427	1758	2255
2413	2413	2373	2239	1366	668	1718
2414	2373	2414	2239	1366	668	1718
2415	2415	1112	2530
2416	2416	2375	1910	2506
2417	2417	157	2532
2418	2418	2345	2511	2141
2419	2419	1268	2323	492
2420	2420	1527	2169
2421	2421	115	1868	74	2590	263	2389	1829	1856	1906	2654	345	2266
2422	2376	359	2422	2499	2500
2423	1161	2657	881	2423	2627	1601	853	550	1644	862	1191	2225	1732
2424	2424	1428	2589
2425	788	2425	423	2341	2474	62
2426	2426	1919	2431	638	2493	1686	2126	1007	344	2282
2427	2427	1888	318	2394	507	2548	2591	2391
2428	1860	2428	116	760	2042	2021	225	44
2429	2624	2281	2317	2429	2667	2152	1143
2430	2430	2647	1860	682	294
2431	2431	1919	2591	426	2426
2432	2432	1755
2433	2433	2437
2434	2434	105	1326	2069	1747	2160
2435	2435	2236	2262
2436	2436	2649
2437	2437	2433	427	745
2438	2438	92	2091
2439	2439	407	1875
2440	2440	2543
2441	2441	2585	66	344
2442	2442	2118	929	565	523	71
2443	1339	2443	2338	2343
2444	2444	2257	500
2445	2445	2268	2275
2446	2451	247	2446	129
2447	2447	378	2010
2448	2448	519	2311	427	2526
2449	2449	2450	1881	2158
2450	1881	2450	1498	2449
2451	2451	1973	163	2446	129
2452	2452	2595	1315
2453	2453	427	2666
2454	2454	1342	881	2129	1058
2455	2354	456	2455	453
2456	1029	2456	1742	48	41
2457	2457	690	1980
2458	2458	2366	2506	2242
2459	553	2459	2606
2460	2460	2384
2461	2461	1078	2492	1076
2462	2462	1986	401
2463	2463	558	1934
2464	2464	1817
2465	228	2465	638	2057
2466	2466	831	2240	1830
2467	2467	323	2155	2468
2468	2468	2467
2469	2469	1789
2470	2470	2646	2643	1277	2101	1230
2471	2471	2245
2472	2472	565	2476
2473	2551	551	434	2473	1192
2474	2474	2425	62	2078
2475	2475	574	1363	2246	640	591
2476	2476	294	2472
2477	2477	2678
2478	2220	2478	2226
2479	2479	2128	2319
2480	2485	2480	653	566	523	565
2481	2481	1858
2482	2482	2123	2645	1854	1855
2483	2483	1848	1003	1004
2484	2616	2614	2484	986	1644
2485	2485	173	566	565	2480	1378	749	575	1816
2486	2486	1970	2586
2487	2487	136	52	430	1823
2488	2488	1910
2489	2489	2371	2372	1126	643
2490	2490	1807
2491	2491	1981
2492	2492	2547	2461	1900	577
2493	2493	2426	1428
2494	2494	2063
2495	2495	2694	1762	58	571
2496	2496	613	2107	2571
2497	2497	1915
2498	2498	2147	2322	2500	2567	2499	359
2499	2499	1068	2376	203	2498	2147	1871	2500	2505	359	2357	2385	2422	2322	863	1418	1787	1935
2500	2500	2499	2422	2498	2376	2322	1068
2501	2501	611	2260
2502	2605	2502	717
2503	2503	2358
2504	2504	1536	1663	2667
2505	2505	359	611	2499
2506	2506	2416	2458	2661	1910	2575	2366
2507	2507	2374	2239	2373	371
2508	322	2508	632	2137	1235	2577
2509	2509	2618	1962	517
2510	2510	416	2362	1977	1991	1978	1713	2002
2511	2511	2345	2141	2083	2418	2320
2512	2512	1930
2513	2513	2239	310	74	2374	1366
2514	2514	2558	1838	1908	485	2380
2515	2515	1999	2003
2516	2516	1946
2517	2517	2533
2518	2518	163	2298
2519	2519	2264
2520	66	2520	2359
2521	145	2521	2164	163	2529
2522	2522	2275
2523	2523	2684
2524	2088	2166	260	1527	2524	1894
2525	2525	1527	2088
2526	2526	2448
2527	1961	1956	2527	735	2100
2528	2528	1858
2529	2529	2294	2521
2530	2530	2415	2090
2531	2531	2566
2532	2532	518	2417	76	766
2533	2533	2517
2534	2534	2009
2535	2535	2176	1668
2536	2536	502	2629	1957
2537	1927	2537	451	1846	2198
2538	2538	2325
2539	2539	2213	1322	1428
2540	2540	160	1857	611	157
2541	2673	638	2541	686
2542	2236	2542	2262
2543	2543	159	2440	2409	136	1479	1776	2674
2544	2544	2568
2545	2545	1794	1773	1795	2082	2178
2546	2546	1993	342	276
2547	2547	2492
2548	2548	507	2427	2391
2549	280	2549	519	2608	193
2550	2550	2045
2551	2551	523	2473
2552	2552	576	2026
2553	2553	1875
2554	2554	163	1850
2555	2555	2560
2556	2556	1904	858
2557	1947	686	2557	163	430
2558	2558	2514	450
2559	2559	51	1241	841	260	2076	1747
2560	2560	2555	1505	251	649	323	865
2561	2561	719	1527	1908	485	2380
2562	2562	2595	1366	668
2563	2396	219	163	2563	1583	2220
2564	1785	2564	163	1558	1159
2565	2565	2157
2566	62	2566	2531
2567	2567	2498	359
2568	2568	717	2544	612	289	583
2569	2569	1820
2570	2570	1806	1928	480	667
2571	2571	1878	268	2496	613	2107
2572	2572	365	2112
2573	2573	1942
2574	2574	427	2107
2575	2388	2575	1910	2366	2506
2576	2576	2678	1051
2577	1020	2577	2367	2180	2508	2342
2578	2578	99	2679
2579	2579	2279	2336
2580	2580	1819	136	52	1823
2581	2581	649	2403
2582	2582	462	2178	1718	409	411
2583	2583	2135	1423	2310	2333	378	1173	102
2584	2584	2632
2585	2585	1263	1830	1809	2441
2586	2586	2486	2113	1889	2162	1647
2587	2587	2312
2588	2588	2301
2589	2589	2424	344	2329
2590	388	2421	2590	420	519
2591	2591	2253	2126	2427	2431
2592	2592	99	1852
2593	2593	430	634	2342
2594	2594	2306	411
2595	2595	2562	1315	2452
2596	2686	2669	2596	2680
2597	2597	2256	1698
2598	2598	956	854	1631	1232	2330	1230
2599	2599	2162
2600	2600	2220	1409	163	523
2601	2601	2631
2602	2602	2070
2603	2603	1756
2604	2330	163	2604	1631	168
2605	2502	951	986	2605	1401
2606	2337	2611	2606	2662	527	2459
2607	1987	2607	2369	2074	2310
2608	2608	519	2549
2609	2609	2080	344	2079
2610	2610	2337
2611	2611	1763	2606
2612	2612	26	2625	724	1903
2613	2613	1756
2614	2614	2616	2484	1644	986
2615	2615	2084	2074	1647
2616	2616	2614	2484	986	1644
2617	2617	2091	1428	1275	344	228
2618	2618	2509	1269	453
2619	1774	2619	1968	328
2620	2620	1972
2621	2621	2105
2622	2622	2033
2623	2623	2113
2624	2624	2317	2429	1204	1931	1878	2702	2277
2625	2625	2612
2626	2626	1843	2399	2656
2627	2627	2423
2628	2629	565	2628	738
2629	2629	2628	738	565	2536
2630	2630	1826
2631	2631	2601
2632	2632	2584
2633	2633	2182	2011
2634	2634	1876	1197
2635	2635	136	2231
2636	479	2636	2300
2637	2637	2652
2638	2638	163	2202
2639	2639	2117
2640	2640	2070
2641	2641	380	1745
2642	2642	565	523	2368
2643	2643	2470	2646
2644	2644	2134
2645	2645	1854	2482
2646	2646	2470	2643
2647	2658	2647	2430
2648	2648	1889
2649	2106	735	2436	2649	1956	249
2650	2650	204	2215
2651	2651	1062	2059
2652	2652	240	2637	2308
2653	2653	672	456	2028	1363
2654	2654	74	2421
2655	2655	1975
2656	2656	799	2626	1699
2657	2657	2423	1161
2658	2658	843	477	427	566	1860	2647	1559	691
2659	2659	2316	743	163	2030
2660	2660	1933	558	577
2661	2661	2375	2242	2506	2159	1910
2662	2662	527	1822	2606
2663	2663	1781	2229
2664	2664	189	2102	415	712
2665	2665	2395
2666	2666	2411	451	2453
2667	2667	2429	2504	2381	163	2295
2668	2668	2365
2669	2669	2596
2670	2670	253	489	1815
2671	2671	1815
2672	636	2409	465	2672	565
2673	2673	1224	2541	163	995	638
2674	2674	159	2543	1352	2066
2675	2675	1256	1964	1824	1595	1862
2676	2385	2676	611	1787
2677	2677	2017	1909	1582	2338	1339
2678	2678	2477	2576
2679	2679	99	2578
2680	101	157	2680	2596
2681	2681	1857	160	78
2682	2682	48	2348
2683	2683	668	687	427	2044
2684	2684	2523
2685	2685	2053	2054
2686	2686	916	2596	101
2687	764	2687	636	2174
2688	2688	1839	2216	1840	1784
2689	2689	1975	2209
2690	591	2690	2053
2691	2691	1751
2692	2692	2172	1370	2038
2693	2693	2025
2694	2694	2331	1762	571	2495
2695	2696	2057	2695	2198
2696	2696	2036	2695	672	98
2697	2697	1759	2698	2700	2288
2698	2698	1759	2697	2700
2699	2699	2153
2700	2700	2697	2698
2701	2701	2247	2263
2702	2702	881	2624
2703	2703	1221	1409	2200
2704	2704	2407	209
2705	2705	1839	2216	1840	1784
2706	1046	1640	1752	2706	1138
2707	2707	774	2344	1389
