0	0	14	435	8	258	544
2	410	565	552	2	471
4	4	170
6	6	251	490
8	751	8	435	258	14	0
10	193	10	192	280	420	519
12	12	84	155
14	435	751	544	0	232	708	393	443	258	400	437	746	242	31	736	268	14	384	8	613
16	16	1697	566	552	466
18	18	127	427	1932	747	866	745	890
20	20	267	334	640	25	732
22	22	1790	191	163	2257	129
24	39	24	269
26	1129	26	747	2612
28	28	586	611	1718	1606
30	30	2276	285	1148	679	231
32	32	679
34	35	565	34	566	559	66
36	1701	1933	1066	745	1591	2390	2072	36	257	1974
38	273	38	563	1689	219	372
40	40	761
42	42	189	188	163	793
44	44	88	686	2428
46	46	867	489	301	238
48	725	48	2456	1783	2682
50	50	150	643	581	583
52	478	2487	52	430	2580	228
54	615	2334	54	712	523	1687
56	56	1027	778	967
58	58	2495	990	1891	536
60	60	252	565	552	688	562
62	423	62	2425	332	2474	324	945	2566
64	64	284	486	583	289
66	69	1531	215	2294	66	288	2310	1698	2157	2359	183	149	1248	2441	2122	34	2520
68	1825	979	1979	2007	1845	522	68	1632
70	70	1692	1986	1521	255	999	931
72	72	202	771	747	745
74	74	867	19	2284	2654	975	154	2421	604	680	193	1220	1634	2266	987	871	906	511	252	1017	622	881	2513	71	949	505	2335	1928	263	2013	2124	1676	310	547	1024	1103	787	2390	345	661	377
76	76	1934	975	131	250	694	1128	869	345	2532	661	181	2327	1548	2390	392	518
78	560	2681	766	157	78	469	214
80	80	15	2044
82	82	295	1553	410	1440	239	1378	39	305	565	548
84	1550	1347	950	27	155	84	1240	1803	715	347	1241	998	12
86	86	373	249	735	652
88	88	682	44	251	587	371	762	116	760	208	225
90	90	680
92	92	2438	552	1259	565	136	479
94	94	41	126
96	2061	478	438	96	649
98	98	2696	1954	615
100	100	758	1611	265
102	102	2583	1964	2012	1893	404	1895	1824	2333
104	104	747	771
106	106	597
108	108	250	1288	898	107	498	304
110	687	110	747	745
112	112	881	572	747	624
114	114	171
116	116	88	686	2428
118	118	636	465	565
120	188	1959	2175	120	1184
122	122	2400	127	1093	124
124	127	2400	124	747	745	122
126	126	94	2208
128	128	294	103	565
130	672	640	130	459
132	132	346
134	2135	134	505	1118	1782
136	136	479	986	2172	1259	1370	2580	2543	2399	1413	1479	2487	2635	1776	1539	244	92	1102	159	2231
138	138	1716	137	748	892	416	115	1713
140	140	323
142	142	227	520	1283	823	391	1547	1318	230
144	144	2102	188	444
146	146	17	747	427
148	148	460	656	1649	210	1687
150	150	50	643
152	152	15	1383
154	74	154	392
156	156	314	431	521	236
158	158	707	433	184	598
160	469	2681	322	160	2540	125	1857
162	162	173	775
164	164	740	517
166	166	1125	649	457
168	168	2604	1728	475	1756
170	170	250	4
172	172	245	430	635
174	2409	174	503	163	501
176	176	379	756
178	178	378	286
180	180	350	143
182	182	468	491
184	184	433	432	158	428
186	186	566	747	588	294
188	415	188	262	141	144	755	163	721	129	717	139	757	380	120	42	523	189
190	356	190	519	2223
192	192	439	519	10	420	280	705	510	193
194	194	673
196	196	707	216	195
198	198	747	655
200	1464	1891	200	536
202	202	72	204	771	747	427
204	204	741	747	1811	2650	202	274	597	1645	2410
206	206	1488	536	1028	1490	1042	1891
208	208	635	2343	1270	430	1569	88
210	1459	738	552	210	295	148	63	644
212	169	570	212	576
214	214	78	587	157	469
216	216	735	196
218	218	378	1290	478
220	220	45	490	552	295
222	222	581	643
224	224	1601	1819	597
226	226	617
228	228	52	1692	259	323	2465	119	2617	900
230	142	1283	520	427	406	230	1284	391
232	232	268	14	613
234	234	747	15
236	236	1271	156	1270	430	1617
238	1815	238	301	46	193	489
240	240	2652	61	2308
242	242	574	14	1006
244	244	750	565	136
246	246	560
248	105	2088	248	1326	419	398
250	708	250	694	31	170	577	427	76	498	33	736	107	639	499	584	108	304
252	688	562	60	74	252	294
254	254	15	1176
256	256	983	2369	635	928	430	634	2225
258	435	258	751	1111	14	8	400	7	0	544	1031	268
260	260	2069	1527	1324	2559	2524	419	2166	619
262	262	188	1980	266	793
264	638	264	635
266	266	163	262
268	268	2046	14	258	613	232	616	2571
270	270	339	276	467	495	342	573
272	272	516	1551	914
274	274	204	566	478
276	342	467	2546	276	1993	270	2115
278	278	326	1898	324
280	280	193	2549	519	10	192
282	282	589	592
284	284	64	583	486
286	286	1963	178	378	2195
288	288	75	1377	2380	2037	66	2157
290	290	1839	1911	163	2220
292	292	759	904
294	294	277	153	128	565	483	466	2476	633	566	85	1438	554	665	588	477	699	465	1353	502	21	191	564	638	83	103	186	2430	173	636	1672	807	252
296	296	692	227	638	1236	438
298	552	298	410
300	300	1621	593
302	598	302	428	432
304	1912	304	108	427	1461	250
306	306	554	57	967	552	565	1376
308	308	1456	9	2028
310	310	668	2513	747	74
312	312	577	772	427	645
314	314	509	1596	1073	1726	1684	156	1244
316	316	344
318	318	1644	1173	2427	445	991	426	2310	686	2333
320	320	259
322	322	2508	1644	1027	160	15	967
324	324	332	326	62	278	327	389	185
326	326	324	327	278
328	328	747	2619
330	330	354	731	747	359	576
332	1064	332	185	389	62	324
334	334	267	20
336	336	747
338	338	627
340	709	340	529	341
342	2016	342	495	776	339	2546	467	1945	1800	729	270	1993	276
344	344	2215	2426	521	1244	348	2290	2171	2291	2032	2617	1671	2609	1622	1881	1	963	1007	2339	316	675	1267	2229	1627	2589	2441	1442	1260	335	1445	1275	1312
346	337	346	143	163	363	132
348	348	1244	1596	638	344
350	351	427	111	664	350	180	201	730	770
352	352	1372	41	904
354	354	839	576	1520	1072	330
356	190	356	510
358	358	95	1255
360	360	698	151
362	362	747	2191
364	364	365	590	366
366	364	366	590
368	368	611	747
370	875	370	552	562
372	372	38	273
374	374	552	455
376	376	558	704	641
378	378	1539	1678	1061	1027	2291	2042	2195	2012	2447	227	960	2290	218	286	1963	335	1644	396	692	2583	178	585	1290	1207	1238	1275
380	1474	1473	188	934	1257	1784	163	380	2641	1737	2196
382	1837	382	2132	1236	29
384	384	14
386	386	745	611	747
388	388	439	2590
390	163	390	145
392	76	392	154
394	394	133	608	125
396	396	378	478
398	398	776	419	248
400	14	400	2360	258	555	2354
402	402	538	219	681	163	403
404	404	102
406	311	2307	406	427	230
408	408	630
410	410	298	305	2	565	82
412	412	552	688
414	414	1174	1877	908	1442	1445	440
416	416	1913	2510	137	1713	138
418	418	135	1269	479	1312	1198	740
420	420	2214	10	192	193	2590	519	439
422	1691	422	163	1685	1069
424	424	571
426	1528	2431	1275	937	1061	1486	426	2126	318	335	29	1576	2369	836	303	1187
428	432	428	302	433	184	598
430	430	1698	635	1020	2137	2197	1568	236	1617	1284	1165	381	223	2593	632	2033	2487	119	1637	683	1207	524	208	1270	547	2557	1792	686	172	89	2343	52	1569	651	177	256	634
432	432	184	598	428	302	433	165
434	434	2473	1339	597
436	436	635
438	391	438	710	296	79	96	692	607	616	21	720	550	227
440	440	367	562	414
442	442	401	635	1908
444	444	144	753
446	446	552	554
448	448	163	191
450	450	646	954	2558
452	117	452	347	513
454	454	541	183	539	1368
456	672	549	456	1748	1560	25	569	2099	1296	2455	2653
458	747	458	745
460	460	281	148
462	462	2582	1644	187
464	464	275	467	279	573
466	466	552	294	566	465	16	565
468	468	491	2377	1713	182	896
470	470	478
472	472	1006	650	552	566
474	474	635	698
476	476	605	1056	1091
478	478	479	218	303	754	215	96	227	523	565	497	520	618	470	396	568	52	274
480	480	257	2570	2270	667
482	578	482	13	251	551
484	484	1574	641	642
486	2276	486	231	1148	1597	285	64	1278	284
488	488	2053	109	591	549
490	490	213	45	6	734	5	220	492
492	492	2419	213	1741	565	490	45	2323	734	1186
494	494	747	427
496	663	496	1896	2393	501
498	498	108	250	107
500	500	563	1767	247	2444
502	2536	502	565	747	567	294
504	504	702
506	506	514
508	317	2326	523	508	417
510	510	356	2223	519	192
512	512	407	411
514	514	506	569	453
516	516	272
518	518	2532	662	181	76	766
520	719	520	142	478	524	230
522	522	68	525
524	524	1169	1454	430	520
526	526	747	427
528	528	678
530	530	163	343
532	532	27
534	534	313
536	58	206	411	536	200
538	1036	2193	2165	1689	129	15	1204	2309	538	402	487	1738
540	1640	540	1121	603	523	543
542	542	779	747	1203
544	544	751	258	14	0
546	546	163
548	548	1859	552	82	1860	565
550	1422	2423	569	550	438
552	277	306	370	601	298	554	173	210	691	653	374	636	472	239	2	311	548	16	220	738	749	412	671	644	723	57	575	559	85	451	688	466	305	621	552	473	455	60	483	167	92	446	367
554	554	565	446	306	875	552	167	1859	294
556	556	615	555	2354	2360
558	2034	1641	905	558	1816	1532	376	1555	2660	1934	557	423	2463	1137
560	560	246	1452	740	2287	1375	157	78	955	938
562	562	1183	370	60	671	2014	1401	1117	2018	252	440	1889
564	564	738	565	1841	294	463
566	566	274	1643	483	333	449	671	1816	858	2658	2485	1782	1544	565	472	465	294	733	633	1447	588	477	699	1459	16	321	173	34	2480	186	2221	466	688
568	568	478	843
570	570	1520	1067	1258	1381	1245	212	1243	59	1200	2026	1246	1524	1709	576	872	169	1922	1814	874
572	112	881	572	747	624
574	574	2040	1006	1827	2475	549	640	672	1962	242	2360
576	43	1067	1245	355	59	2552	1814	834	839	1801	1258	731	2026	605	1200	1932	1710	212	1381	863	1526	293	330	576	354	1524	1014	570	1922	874	726
578	578	1333	1122	1877	13	482
580	580	1212	1497	922	1126	581	1215
582	582	818	1498	1792	259
584	584	639	427	250
586	586	28
588	186	699	566	747	588	294
590	590	366	364	365
592	592	1509	282	589	1144
594	594	593	1122	1194	1621
596	596	299
598	598	432	302	428	158	307
600	1052	205	600	747	745
602	602	2334	163	1114
604	604	74	668
606	606	163	537
608	608	611	179	2230	394	975	680	133
610	610	747	427
612	1348	612	1046	629	2568	289
614	614	615
616	616	2046	268	438	613
618	638	618	478
620	620	747
622	622	377	74	345
624	624	700	112	163	11	572	659
626	626	687	261
628	628	747
630	630	447	408
632	1582	2508	401	635	430	1909	632	683
634	256	686	635	1570	2593	634	430	1513
636	636	2687	1573	2233	2204	2174	294	552	764	118	2027	2173	2672
638	2409	1539	2426	521	1027	89	348	779	2045	1919	1327	1808	618	722	1895	862	2541	1468	2171	294	701	296	2146	638	2673	2465	449	375	264	227	1189	441	383	1460	1312
640	2054	199	640	130	574	591	732	109	287	2475	1897	635	20	1363	459	549
642	642	484	697
644	644	210	552	565
646	646	450
648	648	693
650	650	1557	472	483	1006	656
652	652	249	373	86
654	654	135	1260
656	656	148	773	650	657
658	1577	163	658	427
660	660	635
662	662	181	518
664	664	350	978
666	666	745
668	668	310	2683	604	1315	975	2562	1508	2413	2414	263
670	670	603
672	130	574	2360	456	1343	1003	672	2004	1386	1460	535	1363	549	2696	109	2329	1293	2040	1004	2653	924	591
674	674	427
676	676	605	1014	1056	1091
678	678	528
680	680	74	90	608	747
682	682	88	1791	2430
684	684	779	161	525	1425	1550
686	225	1273	1698	430	686	760	318	634	116	683	223	44	381	2557	2541	119	635
688	412	207	566	688	552	1248	835	252	60
690	690	445	2457
692	692	296	1191	438	378
694	694	76	250
696	696	1672	579	215	747	427
698	698	474	427	1431	360
700	700	625	624	747	879
702	702	504
704	704	376
706	706	453
708	708	250	14	1116
710	710	847	569	438
712	1036	712	219	415	681	2664	1965	54
714	163	1218	714	833	2089	1035	1299
716	716	611	157
718	718	611	271
720	720	438
722	722	638	635
724	724	747	2612
726	726	576	1068	1418
728	728	943	243	1127	1016	1305	1466
730	730	351	1889	350	770
732	732	20	1897	640	267
734	734	213	490	492
736	736	250	14	1116
738	2629	575	564	621	1183	2628	1727	738	1741	552	565	1585	1376	210	1213
740	740	1683	1667	1664	1559	418	157	929	164	560	1703
742	742	772	1240	645
744	744	2030	163	65	2077	743	2316
746	746	14	299
748	748	1941	137	1926	1933	138
750	750	244
752	752	649	1621
754	754	478
756	756	379	176
758	758	100	265	1980
760	760	88	686	2428
762	762	88
764	764	1311	2174	636	2687	769	1581	910	1573
766	766	181	2532	979	78	518	157
768	768	772
770	730	1285	770	350
772	2076	1240	742	768	1147	2167	1502	312	1241	51	772	2166
774	774	2707	331	1493
776	2088	776	398	342	2166	1326
778	778	56	109	25
780	780	1139	1598
782	782	1532
784	784	917	1338	845	1613
786	791	1004	1363	786	1003
788	788	2341	1414	2425	2323	945	1268
790	1510	790	2057	1234
792	792	1095	798
794	794	795
796	796	1629
798	798	1105	792	1433	507	1095
800	800	163	1136
802	802	973	1168
804	804	1664	1585	1459	1697
806	806	1121	1354	1138
808	808	731	359	863	1450	1320	1342
810	810	1287	1718
812	812	1044	809	1080	1341	814	1365
814	814	1080	809	812	1365	1321	1044	1129
816	816	1203	881
818	818	817	582	1212	1215	1125	819
820	820	1115	829	1146	1252
822	822	1484	1644
824	824	1707	1215	1621
826	826	1237	1422	1457	1273	1606
828	828	1457	1422
830	830	1252
832	832	1701	1052
834	834	1821	1814	1520	576	1067
836	836	375	1266	426	1595
838	838	1458
840	840	1196
842	842	565	1540
844	844	1784	55	974	1184	934
846	846	781	219	2173	1533	2204	757
848	848	967	1032	1223	1607	847	591	1739	1388	1400	1468
850	850	917
852	852	1654	1015
854	854	2211	1231	1178	2598
856	1153	856	793	163	1016
858	858	2303	1084	2035	566	991	281	2556
860	860	934	1911	1184	1940
862	862	785	1407	1513	986	1812	638	2423	1155	1019	2364
864	864	611	1079
866	866	18	890
868	868	1643	1649
870	870	523	1687
872	872	59	570	1520
874	874	839	1520	59	570	576
876	876	1025	1269	1006	453
878	878	1023	1472
880	880	1523	815
882	882	1529	1316	1378	1616	523	565	575	1012
884	884	109	1658
886	886	1295
888	888	41	1731	896
890	890	18	866
892	892	138	1713	41	904	1716	889
894	894	1255
896	468	888	896	1372
898	108	1687	898	107
900	1207	1583	1533	1351	900	228
902	910	966	902	1174	965	964	981
904	904	292	889	1733	892	115	1372	352
906	906	1019	74	1860
908	908	919	2304	414	809
910	910	1117	902	1481	1221	811	1131	1590	981	1573	1673	1589	163	565	1432	523	982	1140	1253	964	1311	966	764
912	1149	1240	912	1150	1241
914	272	914	1551
916	916	157	427	2373	1038	2686	2374
918	918	1252
920	920	1520	873
922	922	1233	923	580	1416
924	1460	1539	1480	924	672	1309
926	926	1112	1019
928	983	1636	928	256
930	930	805	1254	1062
932	932	865	251	1505
934	940	380	1009	934	1631	844	1353	860
936	936	1515
938	2196	611	938	1127	560
940	940	163	934
942	942	163	1153
944	944	1335	1337
946	946	1179	427	1600
948	948	1446	1281	1282
950	950	84	1240	1241
952	1660	952	1064
954	969	954	450	1591	427	1461
956	956	1231	1178	2598	995
958	958	1409
960	960	1301	378	1292
962	962	745	829
964	964	1481	1673	910	966	1432	902	1140	965
966	966	1481	902	1140	1673	163	964	965	910	1131
968	968	1285
970	970	974	1396	1378	1533	567
972	972	953
974	974	844	970
976	976	905	1268	1287	1393
978	978	1825	1593	1954	664
980	980	1488
982	910	982	163	247
984	984	1048
986	2614	1644	862	2605	2484	1642	2616	986	136
988	988	1515
990	805	58	990	1774
992	992	1354
994	994	1354
996	996	161	1015
998	84	1241	998	347	1240
1000	1000	931	569	1185
1002	1002	983	1735
1004	1469	791	672	1004	2483	786	1364	2146	2350	1003	1343
1006	1006	574	472	2040	1025	2360	876	650	242
1008	1008	1486	1569	1011
1010	1578	1569	1010	1061	1011	877	1651	1182
1012	1012	882	565	295
1014	1014	1056	1091	576	676
1016	728	1466	1670	1016	727	1305	943	1110	1070	1205	856	1729
1018	1018	1139	1136	1142
1020	1020	1328	1322	1329	430	1337	2577
1022	1022	1282
1024	1024	1053	74	2338	1335
1026	1026	1433	1105
1028	1028	1042	206	1610	1435	1037
1030	1030	1796	1946	163	1136
1032	967	848	847	1335	1032	591
1034	1034	1178	1730
1036	1036	1662	538	712
1038	1038	157	916	1196
1040	1040	1354
1042	1043	1435	206	1042	1028	1037
1044	1044	814	1341	809	1365	812
1046	2706	1344	1046	612	1121	1345
1048	1048	984
1050	1306	1389	1591	1171	1050	1492	1499
1052	832	1051	600	1052	1066
1054	1054	1249
1056	1056	1014	476	676
1058	1058	2454	1211
1060	1060	1136	2039	237	965	163	1523	1890
1062	1254	930	1323	1062	2651
1064	1937	332	1064	952	623
1066	36	1066	1052
1068	1068	726	989	359	2499	2500
1070	1070	1153	793	163	1016
1072	1072	1520	839	354
1074	1074	1174	109
1076	1076	1078	2461	1086
1078	1078	1076	2461	1086
1080	1080	814	1129	1321	809	812
1082	1082	2312	1259	521	1081
1084	1084	2035	858	991
1086	1078	1527	1240	1086	1545	1076	1582	1641
1088	1088	1565
1090	1090	1023	1029
1092	569	1092	1484
1094	1094	2228	355	1659	2085
1096	1096	1069
1098	1098	1305	163	1911	343
1100	1100	1464
1102	1102	1174	985	1370	136	1479	1413
1104	1104	1260	1262
1106	1106	1065	163	1305
1108	1108	1507	1506	1503	1504
1110	1110	1729	1728	793	163	1016
1112	1112	1618	719	1073	926	1403	2415	101	1512
1114	1114	1117	1371	1696	163	1261	1603	1588	602
1116	1116	31	736	708	611	1593
1118	1118	1540	134
1120	1677	1120	2275
1122	1534	1194	1122	799	578	594	717
1124	1124	1567	453	1566
1126	1126	2372	2371	2489	580	1497	583	923	1212
1128	1128	76	1393	1288
1130	1130	1334	163	959
1132	1132	1309
1134	1134	1264	2281
1136	1136	1523	1575	1286	1558	1030	163	800	935	1063	1142	1516	1018	1060	727	1594	1740	1333
1138	806	1138	1597	1121	1344	1420	2706
1140	1140	1311	2294	910	966	965	811	964	981
1142	1142	1136	1018
1144	1144	592	1509
1146	1146	1676	820
1148	1148	486	1534	1597	1355	285	30
1150	1630	1323	1150	912	1149
1152	1152	1453
1154	1154	819	1531
1156	1156	1013
1158	1158	1550	1555
1160	1160	1166
1162	1162	1613
1164	1164	1584	1626	1570
1166	1166	1160
1168	1168	802
1170	1170	1198	517
1172	2108	1172	2341	915	1141	623
1174	414	1174	902	1074	893	1033	1135	1102	303	1297
1176	1176	1123	1285	1592	1354	2272	254
1178	1099	1232	1230	1231	1690	1178	1688	1737	995	163	1362	1736	854	956	1034	1476
1180	1180	1177	1620
1182	1073	1010	1569	1182	1726	1684	1578
1184	860	120	1362	1184	844	141	2199	781	1784
1186	1268	492	1186	591	1309
1188	1188	1123	1354
1190	1190	1129	809	1321
1192	321	1192	2473	2150	875
1194	594	1122	1194	1621
1196	1196	840	1038
1198	1198	859	418	1296	1170	517	1683
1200	1520	1200	570	576
1202	1202	1183
1204	1204	537	1153	129	2624	538
1206	789	1206	163	1544
1208	1208	1429	1434
1210	1210	883	539	1453
1212	1212	1552	1126	580	818	1497	817	819
1214	1214	1635	523	583
1216	1216	1571	1299	1719	1035
1218	1218	1516	1670	1530	833	714	145	163	1035	1424	1571	1299
1220	1220	1618	1608	1484	74
1222	1129	1222	809	1321
1224	1224	2673	145	163	1333
1226	1226	1234	1290
1228	1228	1693	1688	1649	1687
1230	1230	2470	1231	1178	2598	995
1232	1232	2211	1231	1178	2598	995
1234	1234	1275	790	977	1510	1187	1263	13	1226	937
1236	1669	1236	382	296	1227	861
1238	1238	1550	1025	378	1290	1500
1240	1240	897	841	999	1147	912	1201	742	998	1086	987	950	1141	1241	1527	84	1347	772
1242	1242	939
1244	1596	1244	348	314	344	1061
1246	1246	570	1520
1248	66	1248	688	835
1250	1250	399	1251
1252	1252	1477	1115	1485	907	830	1634	829	918	820
1254	1062	930	1254	1464
1256	1256	2675	1019	881	1644
1258	1258	1520	570	576
1260	1260	1269	344	1312	654	2090	1104
1262	1262	1104
1264	1264	1738	1134
1266	1663	1266	1301	1576	836
1268	1268	1414	976	1842	1757	788	2419	2140	1898	2323	1186
1270	1270	2342	430	1335	208	627	236
1272	1272	1451	1346	1281	1604	1282
1274	1305	1303	163	1274	343	427
1276	1276	1506	1503	1525	1504
1278	1278	486	1534	289	583
1280	1280	955
1282	1282	1446	1494	948	1281	1022	1471	1272
1284	430	427	1169	1283	1055	1284	230
1286	1286	163	1136
1288	1288	1461	1593	1091	1414	107	787	108	1128	1502	499
1290	1290	1019	1238	1918	218	1712	2329	429	378	2080	2169	1191	1197	1226	893	1025	1644	423
1292	1292	1049	960	1071	1085
1294	1294	915
1296	1296	1198	456	109
1298	407	1298	409	1592	1285
1300	1320	1300	1342
1302	1302	983
1304	1304	1354
1306	1306	1310	1499	1050	607
1308	1507	1506	1503	1308	1504
1310	1306	1310	1499
1312	1312	418	344	638	1269	1428	1260	1622
1314	1314	1529
1316	1316	882	565	295
1318	227	427	1318	142	1283
1320	1320	1300	359	808
1322	1322	323	1027	2539	1622	1020
1324	1324	260	1543	1747	2076
1326	1326	248	1747	105	2434	2161	971	2144	1602	776	419
1328	1644	1107	927	1328	1513	1020	1173	1031	1101	1423	947	1584	1412	783	785	1155	1109	1568	1111
1330	1330	793	1167
1332	1332	1167
1334	1334	1130	1696	163	793
1336	1336	1478	1027
1338	1338	855	1654	1015	917	784
1340	1075	427	1340	157
1342	2454	1342	1300	359	808
1344	1344	1046	1047	1138	1345	1121
1346	1346	1451	1272	1281
1348	612	1535	1348	1047	1537
1350	1350	1151
1352	1352	2674	611	1672
1354	1047	1680	1426	75	1674	1304	1089	1123	1420	313	1176	806	479	1188	1040	1039	1354	1465	1317	994	1695	992	1001	911
1356	1356	667	1430
1358	1358	1661	1567	591	453
1360	1360	1095
1362	1362	1184	2175	163	1178
1364	1364	1363	1469	1705	1343	1003	1004
1366	1366	2374	2373	2413	2513	2414	2562	2239	1373
1368	1368	991	454
1370	1370	2692	1102	136
1372	352	904	1372	896
1374	1374	869	1548
1376	1376	1546	1727	306	565	738
1378	173	2485	1540	1378	970	239	1440	575	82	565	21	882	559
1380	1113	1380	1611	1717	163	793
1382	1382	1285	1313
1384	1384	1383
1386	2360	1386	1715	672
1388	1388	1027	1025	848	1586
1390	1390	1491
1392	1392	1299
1394	1394	967
1396	1396	970
1398	1398	1383
1400	1400	848	967
1402	1402	847
1404	1404	755	1143	163	219
1406	1406	1463
1408	1408	1931	1921	1249
1410	1410	163	1153
1412	1412	1111	1328	1431
1414	1414	1288	1393	1287	788	945	1268
1416	1416	922	923
1418	1418	989	2499	726
1420	1420	1354	1047	1138
1422	1422	1237	828	826	550	1657	1223	1273
1424	1424	1530	1218	1799
1426	1426	1354
1428	1428	2329	2493	2539	2079	1622	2617	2424	2229	1601	1312
1430	1356	1430	569	1484
1432	1432	965	910	964	1573
1434	1434	1208
1436	1436	895
1438	1438	807	294	565
1440	1378	1440	82	565
1442	1442	414	344	1135	675	1445	1444
1444	1444	1442	1135
1446	1446	1282	948
1448	1448	1621
1450	1450	1710	731	808
1452	560	1289	1452	157	1375
1454	1454	524	1169
1456	1456	308	1095	1343	1469
1458	1458	1714	838
1460	1460	638	924	672
1462	1462	1657	1457
1464	200	1021	1464	1100	1254	1470
1466	1466	1650	943	1016	728
1468	1468	848	638	847
1470	1470	411	1464	1037
1472	1472	878
1474	1474	1249	1473	1728	380
1476	1476	1178	1277
1478	1478	1336	2338	1335
1480	1480	924	1532
1482	1482	1484
1484	1484	1197	1430	822	1482	1057	1500	1092	1521	1237	931	1220	1522	1692
1486	1486	1008	426	1569
1488	1488	611	427	1668	206	980	1490
1490	1490	531	206	1488
1492	1492	1050	1724
1494	1494	1282
1496	1496	1125
1498	1498	2450	1351	289	1071	1049	1483	1534	582	1163	163	2158	2398
1500	1500	1238	1267	1484	2180
1502	1502	577	1393	1288	772
1504	1504	1506	1308	1108	1276	1507	1503	1415	1525
1506	1506	1308	1276	1108	1507	1415	1504	1525
1508	1724	1508	668
1510	1510	790	2057	1234
1512	1112	1608	1267	1335	1671	999	1235	949	1512	1087	1463
1514	1514	429	1333
1516	1516	1136	833	1218
1518	1518	1536
1520	1520	1072	1211	920	1200	1258	354	872	1526	1524	1709	570	834	1246	839	873	59	874	1245
1522	1522	569	1484
1524	1524	576	1245	1381	570	1520	1526	1243
1526	1526	839	1524	576	1520
1528	1528	151	426	1487
1530	1530	1218	145	163	1424	2089
1532	1532	782	577	1480	1487	558	327	925
1534	1534	1163	1597	1148	1556	289	1122	1498	1278
1536	1536	2504	1518	1728	163	207
1538	1538	1724
1540	1540	1443	1378	1459	565	1118	1045	842
1542	1542	801
1544	1544	1206	163	566
1546	1546	1376	565	63
1548	1548	1374	76	1291
1550	1550	1555	1419	1425	1238	1427	84	684	157	1158	1624	1199
1552	1552	1554	1212	1553
1554	1554	1553	951	1552	901	1401
1556	1556	1534	1537
1558	1558	2564	163	1136
1560	456	1560	1161	791	2198	535
1562	1562	631	355	627	1637
1564	687	1564	899	745	611	1672
1566	1567	1566	453	1124
1568	1568	1328	1053	430
1570	1109	1339	1164	1570	1111	1678	634
1572	1572	1598	163	1139
1574	1574	1017	484
1576	1576	375	1266	426	1595
1578	1578	1622	1061	1010	877	1651	1182
1580	1580	1577	689	1625
1582	1582	1909	1086	1545	1908	2677	632	2017
1584	2037	1328	1584	1164	2151	1626
1586	1586	1388
1588	1588	2334	1114	1117
1590	1590	965	163	910
1592	1592	1293	1734	405	1161	1298	1176
1594	1594	163	1136
1596	1596	314	1244	348
1598	1598	780	1139	1572
1600	1600	411	1293	946
1602	1602	971	1549	339	1326
1604	1604	1272	1281	1451
1606	1606	409	1293	28	826	2381
1608	1608	949	431	1512	987	1220	2225
1610	1610	1028	1037
1612	1612	1517
1614	1614	1613	1619
1616	1616	882	523	565
1618	1618	2343	1220	1112
1620	1620	1177	1180
1622	1622	1578	1312	1428	344	1322
1624	1624	1550
1626	1735	1698	1626	1164	1584	1407
1628	1628	1063	1175
1630	1150	1195	1630	1203
1632	1632	1687	471	68
1634	1634	74	1252
1636	1636	1073	2074	928	1684	983	245
1638	1638	1441
1640	540	1345	1121	1640	603	1355	2706
1642	1642	986	313	1475	1377
1644	1644	1290	318	1601	1863	1862	462	2423	1964	2484	1328	2364	378	822	1732	701	1256	322	2616	2409	986	2614
1646	1646	943	145
1648	1648	1355
1650	1650	163	1466
1652	1652	1659
1654	1654	852	1338	855
1656	1656	731	2357	1710	527	1822
1658	1658	884
1660	1660	1083	952
1662	1662	1036
1664	804	1697	1664	1559	740
1666	1666	719	1133
1668	2535	1488	1910	1668	611	2378
1670	1670	1016	1218
1672	1672	696	899	1564	294	903	807	1352
1674	1674	1680	1354	1123
1676	1676	1146	565	523	207	74
1678	1678	1570	1339	378	861
1680	1680	1123	1354	1674
1682	1682	1681
1684	1684	1647	1636	1569	314	1182	1726
1686	1686	837	2426	2282
1688	1688	1228	1178
1690	1690	1736	995	1178
1692	1692	228	1484	70
1694	1694	793	1455
1696	1696	1771	2250	2175	1971	1114	163	2330	1769	1334	1943	1872
1698	1698	1626	2597	686	66	430
1700	1700	1157	745	687
1702	1702	1199	1161
1704	1157	1704	745	687
1706	1706	1635	799	1385
1708	1708	1333
1710	1450	1710	576	1656
1712	1712	1025	1290	569	453
1714	1714	1458
1716	1716	892	1713	2153	1982	138	1991	41
1718	1718	1373	2138	1867	201	1079	157	28	810	2413	2582	2414
1720	1720	849
1722	1722	1723	99	1619
1724	1724	1508	1492	1079	1538
1726	1726	1684	1569	1679	1182	314
1728	1728	1775	1249	1110	1474	163	129	1536	168
1730	1730	1533	1034
1732	853	1732	2225	1644	611	1493	2423
1734	1734	1715	793	163	1249	1592
1736	1736	1737	1178	1690
1738	1264	1738	1689	219	538
1740	1740	1136	1305
1742	1742	2456
1744	1744	2041
1746	1746	1948
1748	456	1748	2182
1750	1750	2106
1752	1752	2706
1754	1754	1867	1869
1756	1663	2613	1756	2603	168	745
1758	1758	2412
1760	427	1760	1879
1762	1762	2694	571	2495
1764	1764	1938	1770
1766	1766	1810	427	477
1768	1768	2257
1770	1765	1770	1938	1764
1772	1772	2307	2351
1774	1774	990	2619	1891	1968
1776	1776	1595	136	2543
1778	1778	731	2024
1780	1780	2007
1782	1782	2328	134	295	565	566
1784	1784	844	1184	163	2199	380	2688	2705	55
1786	1786	2207
1788	1788	1795	2178	2181
1790	2334	22	415	1790	523	565
1792	1792	430	2067	163	582
1794	1794	1795	2545	2178
1796	1796	833	1917	2001	1030
1798	1798	2120
1800	1800	1995	2016	1994	342	1907	1901
1802	1802	2064	1777
1804	1804	2289	1805
1806	1806	2570	2279
1808	1808	638	2210
1810	1810	1766
1812	1812	785	862	1513	1407	1155	2364	783
1814	1814	834	1067	570	1801	576
1816	1816	1934	558	2485	559	566
1818	1818	2029	2073	1813
1820	2383	1820	2569
1822	1656	1822	2662
1824	2675	1824	2006	102	1595
1826	1826	689	2630
1828	1828	2018	567	2014
1830	1830	2585	2466
1832	1832	1831	55	1836	415	2334
1834	1834	1905
1836	1832	1831	1836	415	2334
1838	2514	719	1838	1908	485	2380
1840	1840	2688	2705
1842	1757	2341	1842	1268
1844	1844	1979	1845
1846	1846	1847	2537	1927
1848	1848	2483
1850	1850	163	2554
1852	1852	99	2592
1854	1854	1864	1855	2482	2122	75	2048	2645	1976	2299
1856	1856	2421
1858	2528	1858	2481
1860	1860	906	548	683	2658	2428	2430
1862	1862	1964	1863	2675	1644	1595
1864	1864	1855	1854	2276	2122
1866	1866	2272
1868	1868	2421
1870	1870	1713	2362
1872	1872	1771	1696	163	1257
1874	1874	1920
1876	1876	2634
1878	2624	1878	2571
1880	1880	2302
1882	1882	1989
1884	1884	1885	1902	745	1886
1886	1902	1885	1886	745	1884
1888	507	1888	2427	109
1890	1890	2039	163	1060
1892	1892	2131
1894	909	1527	827	2144	1894	2524
1896	1851	1896	496	2393
1898	2140	278	1898	1268	2108
1900	1900	2492
1902	1902	1887	1886	1884	1885
1904	1904	2556	643
1906	1906	2421
1908	1908	1582	442	2514	1647	1893	1838	2561
1910	2661	2366	1910	2488	2375	2575	705	2159	2242	1668	2416	2081	2506
1912	1912	304	1932
1914	1914	427	2176
1916	1916	2400
1918	1918	1290	2329
1920	1920	1874
1922	1922	2026	570	576
1924	1924	345	2040	2327
1926	1926	748	1941
1928	1928	2570	667	1923	74	2114	2124
1930	1930	2512
1932	1932	18	1912	2024	576	745
1934	1934	1816	423	2463	76	558
1936	1936	1943
1938	1938	1770	1764	1765
1940	2250	860	1940	2220	2175
1942	1942	2573
1944	1259	1944	2091
1946	1946	1030	2516
1948	1948	1746
1950	1950	2220	2226
1952	2396	1952	2029	2393	503
1954	1954	2183	321	98	978	2222	2150
1956	735	2527	1956	2649
1958	1958	2220	2226
1960	1960	1949
1962	1962	2509	1827	574
1964	1644	1595	102	2675	1863	1964	1862
1966	1966	1825
1968	1968	2619	527	1774
1970	1970	2486
1972	1972	2620
1974	1974	667	2227	36
1976	1976	1854
1978	1713	1978	2510
1980	1980	262	2202	2457	758
1982	1982	1716	1713	41	2153
1984	1984	2206	2379
1986	1986	2462	1329	569	70	2338
1988	1988	2401
1990	201	2093	1990	121	233
1992	1992	2153	1713
1994	1994	1995	2097	1800	2241
1996	1996	1997
1998	1998	1873
2000	2000	467	2115
2002	2002	2510	2153	1713
2004	2004	2040	2360	672
2006	2006	1824
2008	2008	2022	2153	2219
2010	2010	2447
2012	2012	2135	378	102
2014	2014	1828	562	2018
2016	2016	342	1800	467
2018	1828	2018	562	2014
2020	2020	1857
2022	2022	2008	2153	2219
2024	2024	737	1778	1932	427
2026	2552	1922	2026	570	576
2028	2028	1003	2653	308
2030	2316	744	2130	2131	2128	2077	2030	2659	743
2032	2032	344	2171
2034	2034	2015	2327	577	453	558
2036	2036	2696
2038	2038	2692	985
2040	2040	2360	2004	672	574	1006	1924
2042	2042	378	2428
2044	80	2683	2044	427	1149
2046	616	2107	2046	268
2048	2048	1854
2050	2050	611	2378
2052	2052	2062	1483
2054	2053	109	2685	2054	640	591
2056	2056	271	2095
2058	2058	757	755	2232
2060	2060	857	2062	1483
2062	2062	2061	2066	2052	2060
2064	2064	1777	1802
2066	2066	985	159	2062	2674
2068	2068	355	2228
2070	2070	2602	2640
2072	2072	667	2227	36
2074	2074	1647	2615	2607	1636
2076	1324	211	1527	2076	2559	772
2078	2078	1983	2406	295	1459	2474
2080	2080	1290	2329	2609
2082	2082	1795	1775	2545	1793	2178
2084	2084	2615
2086	1231	2086	2065
2088	2524	2167	2088	1527	2525	248	776
2090	2090	1260	2530
2092	453	2092	2015
2094	2094	2164
2096	2096	2142
2098	2099	2098	453	2156
2100	2100	2527	1961
2102	2102	2664	144	189
2104	2302	2104	403
2106	2106	2649	1750	735
2108	1172	2108	1898	2140
2110	2110	1827	299
2112	2112	2572	365
2114	2114	2124	1928	1923
2116	2116	163	2125	1775
2118	2118	565	2442
2120	2120	1798
2122	2122	1864	1855	1854	66	75
2124	2114	74	2124	1928
2126	2126	2591	2213	2339	426	2426
2128	2479	2128	2030
2130	2130	2030
2132	2132	382	1837
2134	2134	2644
2136	2136	2148
2138	2138	1718	2285
2140	2140	623	2292	1898	1268	2108
2142	2142	2096
2144	2144	1894	1326
2146	2146	1897	2182	1004	638	1003
2148	2148	2136
2150	2150	1192	2179	2305	2183	1954	2222
2152	2429	2152	1277
2154	2154	2119
2156	2156	453	2098
2158	2158	1498	2449
2160	2434	2160	1747
2162	2162	2599	2586	745
2164	515	5	1749	2164	2094	2521
2166	260	1527	2166	772	2524	2167	971	776
2168	2168	2350	1363
2170	2170	1325	2237
2172	2172	159	2692	136
2174	2174	764	2687	636	1573
2176	2176	1914	2535
2178	2178	1794	2181	2545	1788	1795	2582	2082	1793
2180	2180	2577	1500
2182	2182	2011	1897	1003	591	2146	2633	1835	1748
2184	2184	2398
2186	2186	2321
2188	2188	2194	2190	2149	2189
2190	2190	1955	2189	2188	2149	2365	2194
2192	2192	1743	177
2194	2194	2149	2190	2189	1955	2188
2196	2196	2267	938	163	380
2198	2198	2695	2537	1560
2200	1797	2703	2200	163	1969
2202	2202	1303	1571	163	2638	1980
2204	2173	163	2204	846	636
2206	2206	2261	1911	1925	2379	2175	2133	1984
2208	1761	2208	2313	126	2234	2235
2210	2210	1808
2212	2212	2121
2214	2214	420	2223
2216	2216	2705	2361	2688
2218	2218	2337	2049	2021
2220	2220	129	1950	290	2252	1940	2139	2226	2600	1958	1409	2478	2563
2222	2222	1954	2150
2224	2224	1827
2226	1958	1950	2139	2220	2226	2478
2228	2085	2068	2228	1094	127	1093
2230	2230	157	608	2095	611
2232	2232	2058	163	411
2234	2234	2208
2236	2236	2262	2542	2435
2238	2238	2271
2240	2240	2466
2242	2242	1910	2661	2458
2244	2244	2243
2246	2246	2475	2356
2248	2248	2296	163	145
2250	2250	2271	1940	2175	1696
2252	2252	2277	2220	2271
2254	2254	2347	2039
2256	2256	2597
2258	427	2258	1887
2260	2260	611	2501
2262	2435	2236	2262	2542
2264	2264	2519
2266	2266	2421	345	74
2268	1753	2445	2268	2275
2270	480	2270	667	2043
2272	1176	2272	1866
2274	2274	163	2237
2276	2276	30	1864	486
2278	2278	2284
2280	2286	163	2280	145
2282	2282	1686	2426	2217
2284	2284	2283	2278	74	1293
2286	2286	163	2280	145
2288	2288	2697	1759
2290	2290	378	344	1275	2213	585	2291
2292	2292	1899	1111	2140
2294	1140	2529	2380	66	2294	649
2296	2296	2251	2248	163	145
2298	2298	163	2518
2300	2300	2636	1337	479
2302	2302	2104	1880	2111	403	1353
2304	2304	2297	908
2306	2306	2049	427	2594
2308	2308	2652	240
2310	2607	318	66	2310	2583
2312	2312	2587	1082	1259	521
2314	2314	2187
2316	743	2316	2659	744	163	2030
2318	2318	491	2153	1977
2320	2320	2511	1853
2322	2322	359	2500	2498	2499
2324	2324	1161	2326
2326	2324	2326	317	508
2328	2328	1782
2330	2330	1769	1631	2604	1696	2598
2332	2332	1117	2334
2334	2334	1790	209	1836	602	2353	1588	2103	2332	54	1917	1832
2336	2336	745	2579
2338	2338	1478	1024	2677	2127	1986	2443
2340	2340	611	1935
2342	2342	1270	2577	381	2197	497	2593	2151
2344	2344	2707
2346	2346	1301	1595	397	1967
2348	2348	1783	2682
2350	2350	2168	1004
2352	2352	611	2055
2354	2354	556	400	2360	2455	453	555
2356	2356	1705	1105	2246
2358	2358	2503
2360	2360	574	2040	1006	2004	2354	672	400	1386	556	2273
2362	2362	1870	2510
2364	2364	862	1644	1812
2366	2458	2366	2506	2081	2575	1910
2368	2368	85	465	2642
2370	2370	2321
2372	2372	1126	2398	2489
2374	2374	1366	2507	916	2513	2373
2376	2376	359	2422	2499	2500
2378	2378	2335	1668	611	2050
2380	2380	288	2294	485	2514	1838	215	2561
2382	2382	2013
2384	2384	2460
2386	2386	2387
2388	2388	427	2575
2390	2390	2227	36	74	76
2392	2392	1925
2394	2394	2427
2396	2563	1583	2396	163	1952	503
2398	2398	2399	2372	2184	1498	583
2400	2400	127	122	1916	124
2402	2402	1931	1921
2404	2404	1459	2221
2406	2406	2078
2408	2408	1975	523	2145
2410	2410	204	1811	2049
2412	2412	427	1758	2255
2414	2373	2414	2239	1366	668	1718
2416	2416	2375	1910	2506
2418	2418	2345	2511	2141
2420	2420	1527	2169
2422	2376	359	2422	2499	2500
2424	2424	1428	2589
2426	2426	1919	2431	638	2493	1686	2126	1007	344	2282
2428	1860	2428	116	760	2042	2021	225	44
2430	2430	2647	1860	682	294
2432	2432	1755
2434	2434	105	1326	2069	1747	2160
2436	2436	2649
2438	2438	92	2091
2440	2440	2543
2442	2442	2118	929	565	523	71
2444	2444	2257	500
2446	2451	247	2446	129
2448	2448	519	2311	427	2526
2450	1881	2450	1498	2449
2452	2452	2595	1315
2454	2454	1342	881	2129	1058
2456	1029	2456	1742	48	41
2458	2458	2366	2506	2242
2460	2460	2384
2462	2462	1986	401
2464	2464	1817
2466	2466	831	2240	1830
2468	2468	2467
2470	2470	2646	2643	1277	2101	1230
2472	2472	565	2476
2474	2474	2425	62	2078
2476	2476	294	2472
2478	2220	2478	2226
2480	2485	2480	653	566	523	565
2482	2482	2123	2645	1854	1855
2484	2616	2614	2484	986	1644
2486	2486	1970	2586
2488	2488	1910
2490	2490	1807
2492	2492	2547	2461	1900	577
2494	2494	2063
2496	2496	613	2107	2571
2498	2498	2147	2322	2500	2567	2499	359
2500	2500	2499	2422	2498	2376	2322	1068
2502	2605	2502	717
2504	2504	1536	1663	2667
2506	2506	2416	2458	2661	1910	2575	2366
2508	322	2508	632	2137	1235	2577
2510	2510	416	2362	1977	1991	1978	1713	2002
2512	2512	1930
2514	2514	2558	1838	1908	485	2380
2516	2516	1946
2518	2518	163	2298
2520	66	2520	2359
2522	2522	2275
2524	2088	2166	260	1527	2524	1894
2526	2526	2448
2528	2528	1858
2530	2530	2415	2090
2532	2532	518	2417	76	766
2534	2534	2009
2536	2536	502	2629	1957
2538	2538	2325
2540	2540	160	1857	611	157
2542	2236	2542	2262
2544	2544	2568
2546	2546	1993	342	276
2548	2548	507	2427	2391
2550	2550	2045
2552	2552	576	2026
2554	2554	163	1850
2556	2556	1904	858
2558	2558	2514	450
2560	2560	2555	1505	251	649	323	865
2562	2562	2595	1366	668
2564	1785	2564	163	1558	1159
2566	62	2566	2531
2568	2568	717	2544	612	289	583
2570	2570	1806	1928	480	667
2572	2572	365	2112
2574	2574	427	2107
2576	2576	2678	1051
2578	2578	99	2679
2580	2580	1819	136	52	1823
2582	2582	462	2178	1718	409	411
2584	2584	2632
2586	2586	2486	2113	1889	2162	1647
2588	2588	2301
2590	388	2421	2590	420	519
2592	2592	99	1852
2594	2594	2306	411
2596	2686	2669	2596	2680
2598	2598	956	854	1631	1232	2330	1230
2600	2600	2220	1409	163	523
2602	2602	2070
2604	2330	163	2604	1631	168
2606	2337	2611	2606	2662	527	2459
2608	2608	519	2549
2610	2610	2337
2612	2612	26	2625	724	1903
2614	2614	2616	2484	1644	986
2616	2616	2614	2484	986	1644
2618	2618	2509	1269	453
2620	2620	1972
2622	2622	2033
2624	2624	2317	2429	1204	1931	1878	2702	2277
2626	2626	1843	2399	2656
2628	2629	565	2628	738
2630	2630	1826
2632	2632	2584
2634	2634	1876	1197
2636	479	2636	2300
2638	2638	163	2202
2640	2640	2070
2642	2642	565	523	2368
2644	2644	2134
2646	2646	2470	2643
2648	2648	1889
2650	2650	204	2215
2652	2652	240	2637	2308
2654	2654	74	2421
2656	2656	799	2626	1699
2658	2658	843	477	427	566	1860	2647	1559	691
2660	2660	1933	558	577
2662	2662	527	1822	2606
2664	2664	189	2102	415	712
2666	2666	2411	451	2453
2668	2668	2365
2670	2670	253	489	1815
2672	636	2409	465	2672	565
2674	2674	159	2543	1352	2066
2676	2385	2676	611	1787
2678	2678	2477	2576
2680	101	157	2680	2596
2682	2682	48	2348
2684	2684	2523
2686	2686	916	2596	101
2688	2688	1839	2216	1840	1784
2690	591	2690	2053
2692	2692	2172	1370	2038
2694	2694	2331	1762	571	2495
2696	2696	2036	2695	672	98
2698	2698	1759	2697	2700
2700	2700	2697	2698
2702	2702	881	2624
2704	2704	2407	209
2706	1046	1640	1752	2706	1138
