1	1	344
4	4	170
7	7	258
10	193	10	192	280	420	519
13	13	482	1234	578
16	16	1697	566	552	466
19	19	74	571
22	22	1790	191	163	2257	129
25	25	20	456	778	1181	1897
28	28	586	611	1718	1606
31	250	14	31	1116
34	35	565	34	566	559	66
37	37	563
40	40	761
43	43	747	576
46	46	867	489	301	238
49	49	581	643
52	478	2487	52	430	2580	228
55	1905	163	55	361	844	1832	1784
58	58	2495	990	1891	536
61	61	240
64	64	284	486	583	289
67	67	729
70	70	1692	1986	1521	255	999	931
73	73	747
76	76	1934	975	131	250	694	1128	869	345	2532	661	181	2327	1548	2390	392	518
79	438	79	2207
82	82	295	1553	410	1440	239	1378	39	305	565	548
85	552	465	565	85	425	294	2368
88	88	682	44	251	587	371	762	116	760	208	225
91	91	747	745
94	94	41	126
97	97	439
100	100	758	1611	265
103	103	565	128	471	294	465
106	106	597
109	109	2054	2053	967	2315	955	535	640	171	459	635	672	1296	1074	1888	778	884	1661	488	507
112	112	881	572	747	624
115	138	115	1713	41	2421	904	2153
118	118	636	465	565
121	595	731	121	1990	1825
124	127	2400	124	747	745	122
127	127	745	747	124	18	2228	122	2400
130	672	640	130	459
133	133	608	394	611
136	136	479	986	2172	1259	1370	2580	2543	2399	1413	1479	2487	2635	1776	1539	244	92	1102	159	2231
139	2361	139	188
142	142	227	520	1283	823	391	1547	1318	230
145	145	2296	2280	2251	2248	1218	1646	2521	163	2286	390	1530	1224
148	148	460	656	1649	210	1687
151	151	360	1595	1528
154	74	154	392
157	2417	1340	371	916	78	740	1550	181	560	2095	2021	393	716	1375	1017	1289	2230	1718	2680	157	1452	1637	897	2019	2540	979	214	1075	1038	766
160	469	2681	322	160	2540	125	1857
163	163	189	1379	1650	1218	2396	2563	1457	346	1691	689	1136	1971	2177	191	1225	2173	910	743	1498	982	2667	2604	530	2200	2554	1206	1127	2296	1205	2673	935	2265	606	1775	2518	1850	1807	1139	1696	1362	1030	1905	1070	402	1571	1404	1274	1611	266	940	1277	1060	1734	2295	309	546	1715	2521	1689	2363	2600	2196	174	1675	1286	813	145	800	1253	1590	1799	129	765	1099	1575	2286	1729	390	727	1334	1792	781	2451	602	1380	1717	2564	1890	942	141	2274	2077	55	1224	1872	2039	1544	1207	42	961	624	290	1573	1558	2232	2361	2659	744	1572	2316	1305	415	188	1536	219	2557	448	1110	1784	22	523	2202	395	1069	1515	1178	2175	1303	966	793	1130	1467	1219	757	1685	1159	658	1410	717	1728	380	714	2298	1831	1065	1098	563	2248	2251	1943	2280	1113	2638	856	2204	1530	237	2259	422	1257	1594	2116	1114	659	1333	1153	769	1106
166	166	1125	649	457
169	169	570	212
172	172	245	430	635
175	175	747
178	178	378	286
181	518	662	181	76	157	766
184	184	433	432	158	428
187	187	462
190	356	190	519	2223
193	519	420	10	192	238	280	2549	193	74
196	196	707	216	195
199	199	591	640
202	202	72	204	771	747	427
205	205	745	600	747	427
208	208	635	2343	1270	430	1569	88
211	2076	325	211	1527	645
214	214	78	587	157	469
217	217	685	747	2355
220	220	45	490	552	295
223	223	430	686
226	226	617
229	229	747	477
232	232	268	14	613
235	235	747
238	1815	238	301	46	193	489
241	241	763
244	244	750	565	136
247	247	1117	1261	500	2446	563	1973	2257	982
250	708	250	694	31	170	577	427	76	498	33	736	107	639	499	584	108	304
253	2670	253	15	1815
256	256	983	2369	635	928	430	634	2225
259	259	320	582	228
262	262	188	1980	266	793
265	265	100	758
268	268	2046	14	258	613	232	616	2571
271	718	271	2056
274	274	204	566	478
277	277	567	483	294	552	523
280	280	193	2549	519	10	192
283	283	2093	565	523	747
286	286	1963	178	378	2195
289	64	1278	1535	1534	1537	289	612	2568	1498
292	292	759	904
295	295	210	220	1316	471	82	1782	1012	197	565	2078
298	552	298	410
301	46	489	301	238
304	1912	304	108	427	1461	250
307	307	735	598
310	310	668	2513	747	74
313	1642	534	801	1354	313	1377
316	316	344
319	319	29	1273
322	322	2508	1644	1027	160	15	967
325	325	1201	211
328	328	747	2619
331	331	774	179	101
334	334	267	20
337	337	363	77	346	143
340	709	340	529	341
343	1571	1274	343	530	1303	1523	1098	1577
346	337	346	143	163	363	132
349	349	747
352	352	1372	41	904
355	745	2068	1094	355	576	1562	1093
358	358	95	1255
361	361	55
364	364	365	590	366
367	367	565	440	552	483
370	875	370	552	562
373	652	373	86
376	376	558	704	641
379	756	379	176
382	1837	382	2132	1236	29
385	565	385	567
388	388	439	2590
391	391	230	142	1283	427	438
394	394	133	608	125
397	397	747	659	2346
400	14	400	2360	258	555	2354
403	403	2104	2309	2302	402
406	311	2307	406	427	230
409	409	1298	1606	2582	753
412	412	552	688
415	188	712	1790	209	1836	1737	1832	523	415	2353	789	163	995	2664	2103
418	418	135	1269	479	1312	1198	740
421	421	255
424	424	571
427	427	2024	477	353	561	696	658	946	1999	205	916	954	2448	584	1975	406	461	1488	698	1760	1405	1399	1340	1577	2683	1103	250	2383	1811	201	2255	2437	304	146	2306	2574	1547	2258	2044	665	823	1037	1274	391	312	1766	18	2388	1914	610	350	587	1318	526	230	674	2412	202	493	1283	494	1284	2658	2453	2295	399
430	430	1698	635	1020	2137	2197	1568	236	1617	1284	1165	381	223	2593	632	2033	2487	119	1637	683	1207	524	208	1270	547	2557	1792	686	172	89	2343	52	1569	651	177	256	634
433	433	184	432	158	428
436	436	635
439	439	97	420	388	192
442	442	401	635	1908
445	445	690	318
448	448	163	191
451	2666	552	451	2537
454	454	541	183	539	1368
457	457	649	166
460	460	281	148
463	3	333	564	463	477	483
466	466	552	294	566	465	16	565
469	469	214	160	78
472	472	1006	650	552	566
475	475	168
478	478	479	218	303	754	215	96	227	523	565	497	520	618	470	396	568	52	274
481	481	9
484	484	1574	641	642
487	538	487	291
490	490	213	45	6	734	5	220	492
493	493	427
496	663	496	1896	2393	501
499	499	250	1287	1288
502	2536	502	565	747	567	294
505	74	505	134
508	317	2326	523	508	417
511	511	611	74
514	514	506	569	453
517	517	164	2509	1198	1170
520	719	520	142	478	524	230
523	523	277	551	2480	465	717	1790	415	508	1676	565	2600	1616	2551	2442	283	188	2408	870	54	2642	163	1931	1921	478	961	882	1214	540	910	1687
526	526	747	427
529	709	529	340	341
532	532	27
535	535	761	109	1560	672
538	1036	2193	2165	1689	129	15	1204	2309	538	402	487	1738
541	541	183	454	1123	539
544	544	751	258	14	0
547	547	430	74
550	1422	2423	569	550	438
553	553	2459	123
556	556	615	555	2354	2360
559	559	34	552	1378	167	1816	2341
562	562	1183	370	60	671	2014	1401	1117	2018	252	440	1889
565	565	2672	554	910	842	773	385	306	410	1616	1316	2485	1012	2118	1782	103	1213	502	1529	548	882	92	1741	1585	82	644	477	2	239	465	294	1376	118	671	57	1727	1790	1957	621	34	478	492	1438	566	1401	128	295	425	1540	1373	1440	2442	1546	283	85	523	1859	738	60	2472	2642	1378	173	1676	333	244	305	1975	2027	691	367	633	466	564	2480	575	2629	2628	601
568	568	478	843
571	571	424	2495	1762	2331	19	2694
574	574	2040	1006	1827	2475	549	640	672	1962	242	2360
577	577	2034	1532	389	1502	312	2660	401	2492	250
580	580	1212	1497	922	1126	581	1215
583	583	2371	643	284	64	1126	2568	2398	1278	50	1214
586	586	28
589	589	282	1509	592
592	592	1509	282	589	1144
595	595	233	121
598	598	432	302	428	158	307
601	3	1741	565	601	552	611
604	604	74	668
607	821	607	1055	438	1306
610	610	747	427
613	613	232	2496	14	2107	616	2571	268
616	616	2046	268	438	613
619	619	260
622	622	377	74	345
625	625	700	659
628	628	747
631	631	1562	1057	383
634	256	686	635	1570	2593	634	430	1513
637	515	637	623
640	2054	199	640	130	574	591	732	109	287	2475	1897	635	20	1363	459	549
643	643	150	50	1121	583	1904	49	2489	222
646	646	450
649	649	479	752	2403	166	2560	2294	1643	96	2581	2123	457
652	652	249	373	86
655	655	747	198
658	1577	163	658	427
661	661	76	1191	71	74
664	664	350	978
667	1928	1356	2270	2570	867	2227	667	480	2072	257	1974
670	670	603
673	673	194
676	676	605	1014	1056	1091
679	679	30	32
682	682	88	1791	2430
685	685	747	217
688	412	207	566	688	552	1248	835	252	60
691	1557	1649	552	691	2658	565
694	694	76	250
697	697	642
700	700	625	624	747	879
703	703	747	2233
706	706	453
709	709	529	340	341
712	1036	712	219	415	681	2664	1965	54
715	715	84
718	718	611	271
721	721	188
724	724	747	2612
727	727	1799	1016	163	1136
730	730	351	1889	350	770
733	733	566
736	736	250	14	1116
739	739	63
742	742	772	1240	645
745	1884	561	745	2336	205	355	124	1704	2437	18	477	962	666	1763	127	2162	386	91	1756	1932	600	458	687	2325	771	2165	1886	36	110	1885	1700	72	1157	1564
748	748	1941	137	1926	1933	138
751	751	435	8	544	258	14
754	754	478
757	757	219	846	2058	188	755	163	1965
760	760	88	686	2428
763	763	747	1879	2355	241
766	766	181	2532	979	78	518	157
769	769	163	764
772	2076	1240	742	768	1147	2167	1502	312	1241	51	772	2166
775	775	162	1459	875
778	778	56	109	25
781	781	1533	1184	163	846
784	784	917	1338	845	1613
787	787	1437	1288	74	1287
790	1510	790	2057	1234
793	793	1467	1333	262	1249	1715	1455	1691	1734	1334	943	1110	1127	1330	1139	1694	959	1070	1205	1069	42	856	1380	163
796	796	1629
799	799	1706	1699	1122	2656
802	802	973	1168
805	805	930	990
808	808	731	359	863	1450	1320	1342
811	1253	910	811	1140
814	814	1080	809	812	1365	1321	1044	1129
817	1367	819	818	817	1125	1212
820	820	1115	829	1146	1252
823	823	227	427	142	1283
826	826	1237	1422	1457	1273	1606
829	829	962	1252	820
832	832	1701	1052
835	835	1248	688
838	838	1458
841	841	1240	2559
844	844	1784	55	974	1184	934
847	847	1468	1402	710	1032	848	967
850	850	917
853	853	2423	1019	1053	1732
856	1153	856	793	163	1016
859	859	1198
862	862	785	1407	1513	986	1812	638	2423	1155	1019	2364
865	1505	251	865	795	2560	932
868	868	1643	1649
871	871	74	1591
874	874	839	1520	59	570	576
877	1651	1578	1569	877	1010
880	880	1523	815
883	883	1665	1210
886	886	1295
889	889	892	1713	2153	41	904
892	892	138	1713	41	904	1716	889
895	895	1436
898	108	1687	898	107
901	901	1554	1497	1553
904	904	292	889	1733	892	115	1372	352
907	907	1252
910	910	1117	902	1481	1221	811	1131	1590	981	1573	1673	1589	163	565	1432	523	982	1140	1253	964	1311	966	764
913	913	827	909
916	916	157	427	2373	1038	2686	2374
919	908	809	919	1129
922	922	1233	923	580	1416
925	925	1532
928	983	1636	928	256
931	1000	1053	931	1463	1484	70
934	940	380	1009	934	1631	844	1353	860
937	937	426	1234
940	940	163	934
943	943	1466	728	1646	1016	793
946	946	1179	427	1600
949	1608	1512	949	74
952	1660	952	1064
955	955	1280	109	560
958	958	1409
961	1515	961	163	523
964	964	1481	1673	910	966	1432	902	1140	965
967	1032	322	689	967	848	57	1400	847	1561	109	306	1394	56	957
970	970	974	1396	1378	1533	567
973	973	993	802
976	976	905	1268	1287	1393
979	979	68	1825	1845	879	766	157
982	910	982	163	247
985	1102	985	159	2038	2066
988	988	1515
991	991	858	1368	318	1084
994	994	1354
997	997	1271
1000	1000	931	569	1185
1003	2182	1897	1469	791	672	2028	1004	2483	1003	1343	786	2146	1364
1006	1006	574	472	2040	1025	2360	876	650	242
1009	934	1009	1079	2175
1012	1012	882	565	295
1015	1015	1338	852	996
1018	1018	1139	1136	1142
1021	1021	1464
1024	1024	1053	74	2338	1335
1027	1027	56	1322	1336	638	322	378	1388
1030	1030	1796	1946	163	1136
1033	1033	1174
1036	1036	1662	538	712
1039	1039	1354
1042	1043	1435	206	1042	1028	1037
1045	1045	471	1540
1048	1048	984
1051	1051	1052	2576
1054	1054	1249
1057	1307	1359	631	1057	1484	627
1060	1060	1136	2039	237	965	163	1523	1890
1063	1063	1065	1628	1136	1153
1066	36	1066	1052
1069	1069	793	422	1096	1685	163	1455
1072	1072	1520	839	354
1075	1075	157	1340
1078	1078	1076	2461	1086
1081	1082	1259	1081	521
1084	1084	2035	858	991
1087	1087	1512
1090	1090	1023	1029
1093	1093	2228	355	2085	122	1659
1096	1096	1069
1099	1099	163	1178
1102	1102	1174	985	1370	136	1479	1413
1105	1105	798	591	1026	2356
1108	1108	1507	1506	1503	1504
1111	1111	1570	1339	1101	1328	1412	258	2292
1114	1114	1117	1371	1696	163	1261	1603	1588	602
1117	1117	1603	1261	2332	1225	562	910	1114	247	2089	1588
1120	1677	1120	2275
1123	1123	1674	1354	1680	541	539	1176	1188	75	1483
1126	1126	2372	2371	2489	580	1497	583	923	1212
1129	1129	809	1190	1222	814	919	26	1080
1132	1132	1309
1135	1135	1444	1174	1442
1138	806	1138	1597	1121	1344	1420	2706
1141	1141	1172	1240	1241
1144	1144	592	1509
1147	1147	1347	161	1240	772	1241
1150	1630	1323	1150	912	1149
1153	1153	1070	1257	1675	1063	163	1455	1205	1204	1611	942	1127	856	1410	1077	1219	1065	1113
1156	1156	1013
1159	1159	1485	163	2564
1162	1162	1613
1165	1165	430	1327
1168	1168	802
1171	1171	1050
1174	414	1174	902	1074	893	1033	1135	1102	303	1297
1177	1177	1519	1180	1620	1627
1180	1180	1177	1620
1183	1183	1202	562	1193	738
1186	1268	492	1186	591	1309
1189	1189	1687	638	1643
1192	321	1192	2473	2150	875
1195	1195	1323	1203	1630
1198	1198	859	418	1296	1170	517	1683
1201	1201	1240	325
1204	1204	537	1153	129	2624	538
1207	900	378	163	1207	1333	430
1210	1210	883	539	1453
1213	1213	738	565	1649
1216	1216	1571	1299	1719	1035
1219	1219	163	1153
1222	1129	1222	809	1321
1225	1225	1333	163	1117
1228	1228	1693	1688	1649	1687
1231	1231	1495	1232	1230	995	1178	2086	854	956	1985
1234	1234	1275	790	977	1510	1187	1263	13	1226	937
1237	1237	1521	1457	1422	1484	826
1240	1240	897	841	999	1147	912	1201	742	998	1086	987	950	1141	1241	1527	84	1347	772
1243	1243	1245	570	1524
1246	1246	570	1520
1249	1249	1474	1054	1734	1408	793	1728	1473
1252	1252	1477	1115	1485	907	830	1634	829	918	820
1255	1255	95	358	99	894
1258	1258	1520	570	576
1261	1117	2089	1261	1114	247
1264	1264	1738	1134
1267	1500	1335	1267	1512	344
1270	1270	2342	430	1335	208	627	236
1273	1273	1422	319	569	826	686
1276	1276	1506	1503	1525	1504
1279	1279	1065
1282	1282	1446	1494	948	1281	1022	1471	1272
1285	1285	405	1176	1298	770	1382	968
1288	1288	1461	1593	1091	1414	107	787	108	1128	1502	499
1291	1291	1548
1294	1294	915
1297	1297	1174
1300	1320	1300	1342
1303	1303	2202	2347	163	1274	343
1306	1306	1310	1499	1050	607
1309	1309	924	1186	1132
1312	1312	418	344	638	1269	1428	1260	1622
1315	1315	2595	668	2452	611	1079
1318	227	427	1318	142	1283
1321	1321	1190	1041	297	1222	814	1080
1324	1324	260	1543	1747	2076
1327	1327	1165	638	1569
1330	1330	793	1167
1333	1333	1467	1708	578	1224	1207	1136	163	793	1369	1514	1225
1336	1336	1478	1027
1339	1339	2677	1678	2443	434	1335	1111	1570
1342	2454	1342	1300	359	808
1345	1345	1640	1047	1344	1046
1348	612	1535	1348	1047	1537
1351	900	1351	1498
1354	1047	1680	1426	75	1674	1304	1089	1123	1420	313	1176	806	479	1188	1040	1039	1354	1465	1317	994	1695	992	1001	911
1357	1461	1357	1511
1360	1360	1095
1363	1363	672	2168	640	1343	786	1364	2475	2653
1366	1366	2374	2373	2413	2513	2414	2562	2239	1373
1369	1369	1333
1372	352	904	1372	896
1375	560	1375	1452	157
1378	173	2485	1540	1378	970	239	1440	575	82	565	21	882	559
1381	1524	570	1381	576
1384	1384	1383
1387	1387	1239
1390	1390	1491
1393	1393	905	1128	1502	976	1397	1414	1097	1437
1396	1396	970
1399	1399	427	1463
1402	1402	847
1405	1405	427	1463
1408	1408	1931	1921	1249
1411	1411	2203	1203	881
1414	1414	1288	1393	1287	788	945	1268
1417	1417	1421
1420	1420	1354	1047	1138
1423	1423	1328	2583
1426	1426	1354
1429	1429	675	1208	1601
1432	1432	965	910	964	1573
1435	1435	1043	1028	1042
1438	1438	807	294	565
1441	1441	941	1638	1717
1444	1444	1442	1135
1447	1447	1515	566	1581
1450	1450	1710	731	808
1453	1210	539	1453	1152
1456	1456	308	1095	1343	1469
1459	1459	775	1540	2404	1687	2078	633	2221	45	749	57	210	804	1137	671	167	473	566
1462	1462	1657	1457
1465	1465	1354
1468	1468	848	638	847
1471	1471	1282	1281	693	447	1501	1633
1474	1474	1249	1473	1728	380
1477	1477	1252
1480	1480	924	1532
1483	1483	1123	857	1498	2052	1125	2060
1486	1486	1008	426	1569
1489	1489	177	837
1492	1492	1050	1724
1495	1495	995	1231
1498	1498	2450	1351	289	1071	1049	1483	1534	582	1163	163	2158	2398
1501	1501	693	447	1471
1504	1504	1506	1308	1108	1276	1507	1503	1415	1525
1507	1507	1108	1506	1503	1308	1504
1510	1510	790	2057	1234
1513	1513	785	862	1812	1328	634
1516	1516	1136	833	1218
1519	1519	963	1177
1522	1522	569	1484
1525	1276	1415	1506	1503	1525	1504
1528	1528	151	426	1487
1531	1154	983	66	1531	887
1534	1534	1163	1597	1148	1556	289	1122	1498	1278
1537	629	1535	289	1556	1537	1348
1540	1540	1443	1378	1459	565	1118	1045	842
1543	1543	1527	1324
1546	1546	1376	565	63
1549	1549	339	1602
1552	1552	1554	1212	1553
1555	1555	558	1158	1550
1558	1558	2564	163	1136
1561	1561	967
1564	687	1564	899	745	611	1672
1567	1567	1358	1124	1566
1570	1109	1339	1164	1570	1111	1678	634
1573	1481	764	1573	910	163	1432	2174	1673	636
1576	1576	375	1266	426	1595
1579	1579	1103
1582	1582	1909	1086	1545	1908	2677	632	2017
1585	804	565	1585	738
1588	1588	2334	1114	1117
1591	1591	1050	1701	871	33	36	954
1594	1594	163	1136
1597	1148	1138	1597	1534	486
1600	1600	411	1293	946
1603	1603	1117	1114	2089
1606	1606	409	1293	28	826	2381
1609	1609	1569
1612	1612	1517
1615	1615	1639	809	1229
1618	1618	2343	1220	1112
1621	1621	1448	300	594	824	1194	752
1624	1624	1550
1627	1177	344	1627	479
1630	1150	1195	1630	1203
1633	1633	1471
1636	1636	1073	2074	928	1684	983	245
1639	1639	809	1615
1642	1642	986	313	1475	1377
1645	1645	204	477	797
1648	1648	1355
1651	1651	1578	1061	877	1010
1654	1654	852	1338	855
1657	1657	1307	1595	1462	1422
1660	1660	1083	952
1663	1663	1266	1756	2504
1666	1666	719	1133
1669	1669	1236
1672	1672	696	899	1564	294	903	807	1352
1675	1675	163	1153
1678	1678	1570	1339	378	861
1681	1681	1682
1684	1684	1647	1636	1569	314	1182	1726
1687	1557	148	1137	1189	773	523	1687	1228	1632	1649	1459	898	54	870
1690	1690	1736	995	1178
1693	1693	1228
1696	1696	1771	2250	2175	1971	1114	163	2330	1769	1334	1943	1872
1699	1699	799	1215	2656
1702	1702	1199	1161
1705	1469	1364	1705	2356	459
1708	1708	1333
1711	1581	1711	1515
1714	1714	1458
1717	941	1380	1717	163	1441
1720	1720	849
1723	1723	1619	1722
1726	1726	1684	1569	1679	1182	314
1729	1729	1110	163	1016
1732	853	1732	2225	1644	611	1493	2423
1735	1735	1002	1626	983
1738	1264	1738	1689	219	538
1741	1841	738	601	1741	565	492
1744	1744	2041
1747	1747	2434	1527	1324	2559	2160	1326	419
1750	1750	2106
1753	1753	2268
1756	1663	2613	1756	2603	168	745
1759	2288	1759	2697	2698
1762	1762	2694	571	2495
1765	1765	1938	1770
1768	1768	2257
1771	1771	1872	1775	1696
1774	1774	990	2619	1891	1968
1777	1777	2064	1802
1780	1780	2007
1783	1783	48	2348
1786	1786	2207
1789	1789	2469
1792	1792	430	2067	163	582
1795	1795	1788	2181	2545	1775	2178	2082	1793	1794
1798	1798	2120
1801	1821	1814	1801	576	1067
1804	1804	2289	1805
1807	1807	163	2490
1810	1810	1766
1813	1813	1818	2393	503
1816	1816	1934	558	2485	559	566
1819	1819	1781	2580	224
1822	1656	1822	2662
1825	979	1966	1825	978	68	121
1828	1828	2018	567	2014
1831	1831	1836	163	1832
1834	1834	1905
1837	1837	382	2132
1840	1840	2688	2705
1843	1843	2626
1846	1846	1847	2537	1927
1849	1849	2163
1852	1852	99	2592
1855	1855	2075	1854	75	2122	2482	1864	2299
1858	2528	1858	2481
1861	1861	1853
1864	1864	1855	1854	2276	2122
1867	1867	1754	1718
1870	1870	1713	2362
1873	1873	1998
1876	1876	2634
1879	763	1879	2355	1760
1882	1882	1989
1885	1885	1902	1886	745	1884
1888	507	1888	2427	109
1891	1891	58	1149	411	1875	1774	206	200
1894	909	1527	827	2144	1894	2524
1897	1897	1003	640	732	25	2146	2182
1900	1900	2492
1903	1903	2612
1906	1906	2421
1909	1582	632	2677	1909	1545
1912	1912	304	1932
1915	1915	2497	1981
1918	1918	1290	2329
1921	1921	1408	2402	523	1931
1924	1924	345	2040	2327
1927	1927	1847	2537	1846
1930	1930	2512
1933	1933	36	2660	748
1936	1936	1943
1939	1939	2307
1942	1942	2573
1945	1993	1945	342	729
1948	1948	1746
1951	1951	2303
1954	1954	2183	321	98	978	2222	2150
1957	1957	565	2536
1960	1960	1949
1963	1963	286	378	2195
1966	1966	1825
1969	1969	2200	2051	2309	2363
1972	1972	2620
1975	1975	2689	2655	2408	427	565
1978	1713	1978	2510
1981	1981	1915	2491
1984	1984	2206	2379
1987	1987	2607
1990	201	2093	1990	121	233
1993	1993	2546	276	1945	342	729
1996	1996	1997
1999	1999	2003	427	2515
2002	2002	2510	2153	1713
2005	2005	2345
2008	2008	2022	2153	2219
2011	2011	2182	2633	1835
2014	2014	1828	562	2018
2017	2017	1582	2677	1479
2020	2020	1857
2023	2023	2135
2026	2552	1922	2026	570	576
2029	1818	2029	1952	2393	503
2032	2032	344	2171
2035	2035	2303	1084	858
2038	2038	2692	985
2041	2041	1744
2044	80	2683	2044	427	1149
2047	2047	2111
2050	2050	611	2378
2053	2053	2690	488	109	2685	2054
2056	2056	271	2095
2059	2059	453	2651
2062	2062	2061	2066	2052	2060
2065	1985	2065	2086
2068	2068	355	2228
2071	2071	1809
2074	2074	1647	2615	2607	1636
2077	2077	743	744	163	2030
2080	2080	1290	2329	2609
2083	2083	299	2511	1827
2086	1231	2086	2065
2089	2089	1117	1965	1603	1261	357	714	1530
2092	453	2092	2015
2095	2095	2056	157	2230
2098	2099	2098	453	2156
2101	2101	2470
2104	2302	2104	403
2107	2107	2496	2571	2046	2574	1953	1865	613
2110	2110	1827	299
2113	2113	2586	2623
2116	2116	163	2125	1775
2119	2119	2154
2122	2122	1864	1855	1854	66	75
2125	2125	2116
2128	2479	2128	2030
2131	2131	2030	1892	2319
2134	2134	2644
2137	431	2137	2508	430
2140	2140	623	2292	1898	1268	2108
2143	2143	2181
2146	2146	1897	2182	1004	638	1003
2149	2149	2194	2190	1955	2188
2152	2429	2152	1277
2155	2155	591	2467
2158	2158	1498	2449
2161	2161	1326	2167
2164	515	5	1749	2164	2094	2521
2167	2167	2161	2088	772	2166
2170	2170	1325	2237
2173	2173	163	2204	846	636
2176	2176	1914	2535
2179	2179	321	2183	2150
2182	2182	2011	1897	1003	591	2146	2633	1835	1748
2185	2185	2109
2188	2188	2194	2190	2149	2189
2191	2191	2275	362
2194	2194	2149	2190	2189	1955	2188
2197	2197	430	2342
2200	1797	2703	2200	163	1969
2203	2203	1411	2405	881	2397
2206	2206	2261	1911	1925	2379	2175	2133	1984
2209	2209	2689
2212	2212	2121
2215	2215	2650	344	2057	675	1877	551
2218	2218	2337	2049	2021
2221	2221	1757	1527	2404	1459	566
2224	2224	1827
2227	2227	1923	2390	667	1974	2072
2230	2230	157	608	2095	611
2233	2233	636	703	2201
2236	2236	2262	2542	2435
2239	2239	587	2414	1366	2507	2513	2413
2242	2242	1910	2661	2458
2245	2245	2471	87	2243
2248	2248	2296	163	145
2251	2251	2296	163	145
2254	2254	2347	2039
2257	1768	2257	1767	247	22	2444
2260	2260	611	2501
2263	2263	2247	2701
2266	2266	2421	345	74
2269	2269	2277
2272	1176	2272	1866
2275	2275	1120	2191	2268	2522	2445
2278	2278	2284
2281	2281	2429	1134
2284	2284	2283	2278	74	1293
2287	560	2287	2315
2290	2290	378	344	1275	2213	585	2291
2293	2293	1937
2296	2296	2251	2248	163	145
2299	2299	1855	75	1854
2302	2302	2104	1880	2111	403	1353
2305	2305	321	2183	2150
2308	2308	2652	240
2311	2311	2285	161	2448
2314	2314	2187
2317	2624	2317	2429	1353
2320	2320	2511	1853
2323	2323	1268	492	788	2419
2326	2324	2326	317	508
2329	1290	672	1918	2329	1428	2080	2589
2332	2332	1117	2334
2335	2335	74	2378
2338	2338	1478	1024	2677	2127	1986	2443
2341	2341	1172	559	2425	623	1757	788	1842
2344	2344	2707
2347	2347	2265	1303	2254
2350	2350	2168	1004
2353	2353	415	2334
2356	2356	1705	1105	2246
2359	66	2359	2520
2362	2362	1870	2510
2365	2668	2189	2365	2190
2368	2368	85	465	2642
2371	2371	1126	583	2489
2374	2374	1366	2507	916	2513	2373
2377	2377	491	2025	468
2380	2380	288	2294	485	2514	1838	215	2561
2383	2383	427	1820
2386	2386	2387
2389	2389	345	2421
2392	2392	1925
2395	2395	2665
2398	2398	2399	2372	2184	1498	583
2401	2401	1988
2404	2404	1459	2221
2407	2407	2704	1631
2410	2410	204	1811	2049
2413	2413	2373	2239	1366	668	1718
2416	2416	2375	1910	2506
2419	2419	1268	2323	492
2422	2376	359	2422	2499	2500
2425	788	2425	423	2341	2474	62
2428	1860	2428	116	760	2042	2021	225	44
2431	2431	1919	2591	426	2426
2434	2434	105	1326	2069	1747	2160
2437	2437	2433	427	745
2440	2440	2543
2443	1339	2443	2338	2343
2446	2451	247	2446	129
2449	2449	2450	1881	2158
2452	2452	2595	1315
2455	2354	456	2455	453
2458	2458	2366	2506	2242
2461	2461	1078	2492	1076
2464	2464	1817
2467	2467	323	2155	2468
2470	2470	2646	2643	1277	2101	1230
2473	2551	551	434	2473	1192
2476	2476	294	2472
2479	2479	2128	2319
2482	2482	2123	2645	1854	1855
2485	2485	173	566	565	2480	1378	749	575	1816
2488	2488	1910
2491	2491	1981
2494	2494	2063
2497	2497	1915
2500	2500	2499	2422	2498	2376	2322	1068
2503	2503	2358
2506	2506	2416	2458	2661	1910	2575	2366
2509	2509	2618	1962	517
2512	2512	1930
2515	2515	1999	2003
2518	2518	163	2298
2521	145	2521	2164	163	2529
2524	2088	2166	260	1527	2524	1894
2527	1961	1956	2527	735	2100
2530	2530	2415	2090
2533	2533	2517
2536	2536	502	2629	1957
2539	2539	2213	1322	1428
2542	2236	2542	2262
2545	2545	1794	1773	1795	2082	2178
2548	2548	507	2427	2391
2551	2551	523	2473
2554	2554	163	1850
2557	1947	686	2557	163	430
2560	2560	2555	1505	251	649	323	865
2563	2396	219	163	2563	1583	2220
2566	62	2566	2531
2569	2569	1820
2572	2572	365	2112
2575	2388	2575	1910	2366	2506
2578	2578	99	2679
2581	2581	649	2403
2584	2584	2632
2587	2587	2312
2590	388	2421	2590	420	519
2593	2593	430	634	2342
2596	2686	2669	2596	2680
2599	2599	2162
2602	2602	2070
2605	2502	951	986	2605	1401
2608	2608	519	2549
2611	2611	1763	2606
2614	2614	2616	2484	1644	986
2617	2617	2091	1428	1275	344	228
2620	2620	1972
2623	2623	2113
2626	2626	1843	2399	2656
2629	2629	2628	738	565	2536
2632	2632	2584
2635	2635	136	2231
2638	2638	163	2202
2641	2641	380	1745
2644	2644	2134
2647	2658	2647	2430
2650	2650	204	2215
2653	2653	672	456	2028	1363
2656	2656	799	2626	1699
2659	2659	2316	743	163	2030
2662	2662	527	1822	2606
2665	2665	2395
2668	2668	2365
2671	2671	1815
2674	2674	159	2543	1352	2066
2677	2677	2017	1909	1582	2338	1339
2680	101	157	2680	2596
2683	2683	668	687	427	2044
2686	2686	916	2596	101
2689	2689	1975	2209
2692	2692	2172	1370	2038
2695	2696	2057	2695	2198
2698	2698	1759	2697	2700
2701	2701	2247	2263
2704	2704	2407	209
2707	2707	774	2344	1389
