2	410	565	552	2	471
5	5	490	2164
8	751	8	435	258	14	0
11	11	624	659
14	435	751	544	0	232	708	393	443	258	400	437	746	242	31	736	268	14	384	8	613
17	17	146
20	20	267	334	640	25	732
23	23	41	759
26	1129	26	747	2612
29	29	429	426	382	319
32	32	679
35	35	34
38	273	38	563	1689	219	372
41	41	888	352	115	1713	892	2456	889	1716	1733	725	94	1982	23	533
44	44	88	686	2428
47	47	87
50	50	150	643	581	583
53	53	1439	1563	803	243
56	56	1027	778	967
59	59	576	874	1520	570	1709	839	872
62	423	62	2425	332	2474	324	945	2566
65	743	65	744
68	1825	979	1979	2007	1845	522	68	1632
71	71	74	1641	677	1559	1923	929	2442	661
74	74	867	19	2284	2654	975	154	2421	604	680	193	1220	1634	2266	987	871	906	511	252	1017	622	881	2513	71	949	505	2335	1928	263	2013	2124	1676	310	547	1024	1103	787	2390	345	661	377
77	77	337
80	80	15	2044
83	83	747	294
86	86	373	249	735	652
89	89	635	638	430
92	92	2438	552	1259	565	136	479
95	95	358	1255	759	161
98	98	2696	1954	615
101	101	2686	2680	1112	331
104	104	747	771
107	250	1937	1288	898	107	498	108
110	687	110	747	745
113	113	747
116	116	88	686	2428
119	119	686	430	228
122	122	2400	127	1093	124
125	125	160	1857	394
128	128	294	103	565
131	131	76
134	2135	134	505	1118	1782
137	137	416	748	138
140	140	323
143	363	143	346	337	201	180
146	146	17	747	427
149	149	66
152	152	15	1383
155	155	513	84	117	12
158	158	707	433	184	598
161	684	161	1147	759	95	996	713	2311
164	164	740	517
167	554	167	559	552	1459
170	170	250	4
173	173	2485	575	552	294	566	1378	565	162
176	176	379	756
179	179	608	331	611
182	182	468	491
185	389	324	185	332
188	415	188	262	141	144	755	163	721	129	717	139	757	380	120	42	523	189
191	395	22	191	163	448	294
194	194	673
197	749	197	295	633	3
200	1464	1891	200	536
203	359	747	203	2499
206	206	1488	536	1028	1490	1042	1891
209	209	2704	415	2334
212	169	570	212	576
215	215	2380	696	2061	66	478
218	218	378	1290	478
221	221	629
224	224	1601	1819	597
227	227	142	1547	438	296	2319	823	378	478	638	1318
230	142	1283	520	427	406	230	1284	391
233	233	1990	595
236	236	1271	156	1270	430	1617
239	239	82	565	552	1378
242	242	574	14	1006
245	245	1636	172
248	105	2088	248	1326	419	398
251	251	865	1505	6	482	2560	932	1877	88
254	254	15	1176
257	257	36	667	480
260	260	2069	1527	1324	2559	2524	419	2166	619
263	668	263	74	2421
266	266	163	262
269	269	24
272	272	516	1551	914
275	275	464
278	278	326	1898	324
281	281	858	460
284	284	64	583	486
287	287	549	591	640
290	290	1839	1911	163	2220
293	293	576	387
296	296	692	227	638	1236	438
299	299	2110	1827	596	746	2083
302	598	302	428	432
305	305	410	552	82	565
308	308	1456	9	2028
311	311	552	406
314	314	509	1596	1073	1726	1684	156	1244
317	508	417	317	2326
320	320	259
323	323	140	2467	2560	1322	228
326	326	324	327	278
329	329	237
332	1064	332	185	389	62	324
335	585	378	344	335	426
338	338	627
341	341	709	340	529
344	344	2215	2426	521	1244	348	2290	2171	2291	2032	2617	1671	2609	1622	1881	1	963	1007	2339	316	675	1267	2229	1627	2589	2441	1442	1260	335	1445	1275	1312
347	84	999	713	347	452	998
350	351	427	111	664	350	180	201	730	770
353	353	747	427
356	190	356	510
359	1068	808	2322	2422	1320	330	1871	1342	2498	203	2376	359	1787	2499	2567	2505
362	362	747	2191
365	365	2112	364	590	2572
368	368	611	747
371	371	2507	157	88
374	374	552	455
377	74	377	622
380	1474	1473	188	934	1257	1784	163	380	2641	1737	2196
383	383	87	631	638
386	386	745	611	747
389	389	1937	185	332	577	324
392	76	392	154
395	395	189	163	191
398	398	776	419	248
401	442	401	632	2462	577
404	404	102
407	1875	1763	407	512	1298	2439
410	410	298	305	2	565	82
413	413	611
416	416	1913	2510	137	1713	138
419	419	1326	248	1527	260	398	1747
422	1691	422	163	1685	1069
425	425	565	85
428	432	428	302	433	184	598
431	431	1608	156	2137
434	434	2473	1339	597
437	437	14
440	440	367	562	414
443	443	14
446	446	552	554
449	479	449	638	1539	566
452	117	452	347	513
455	455	552	374
458	747	458	745
461	461	427
464	464	275	467	279	573
467	467	2016	2000	342	495	464	276	270	729
470	470	478
473	473	552	1459
476	476	605	1056	1091
479	136	2300	449	92	2636	478	479	649	418	147	1354	1627
482	578	482	13	251	551
485	485	2561	2380	2514	1838	711
488	488	2053	109	591	549
491	491	2318	2377	468	182
494	494	747	427
497	497	2342	478
500	500	563	1767	247	2444
503	503	2029	174	1952	1813	501	2396	1851
506	506	514
509	509	669	314
512	512	407	411
515	515	2164	637
518	518	2532	662	181	76	766
521	521	1082	344	638	1259	156	2312	1081
524	524	1169	1454	430	520
527	1968	1656	747	527	2662	2606
530	530	163	343
533	533	41	777
536	58	206	411	536	200
539	541	539	454	1665	1210	1123	1209	183	1453
542	542	779	747	1203
545	545	747
548	548	1859	552	82	1860	565
551	2473	2215	551	523	482
554	554	565	446	306	875	552	167	1859	294
557	557	423	558
560	560	246	1452	740	2287	1375	157	78	955	938
563	563	247	163	219	37	38	500
566	566	274	1643	483	333	449	671	1816	858	2658	2485	1782	1544	565	472	465	294	733	633	1447	588	477	699	1459	16	321	173	34	2480	186	2221	466	688
569	1025	456	1092	1273	1181	1712	569	1457	550	2099	767	1430	514	255	1522	1986	1000	710	1269
572	112	881	572	747	624
575	575	843	565	552	1378	882	173	2485	738
578	578	1333	1122	1877	13	482
581	580	50	222	581	49
584	584	639	427	250
587	587	2239	427	214	88
590	590	366	364	365
593	593	300	594
596	596	299
599	599	747
602	602	2334	163	1114
605	605	676	576	476
608	608	611	179	2230	394	975	680	133
611	611	2325	1315	601	2260	1499	179	2050	718	386	1755	608	1763	2540	579	864	716	1493	2505	2352	413	2230	1564	719	2378	899	1935	1103	1732	511	133	2340	938	2676	2385	28	1668	1352	1116	1079	2501	368	1488	633	1265
614	614	615
617	617	226
620	620	747
623	623	2341	637	1064	2140	1172	1937
626	626	687	261
629	629	612	1535	221	1537
632	1582	2508	401	635	430	1909	632	683
635	635	89	640	381	436	177	660	256	683	632	109	442	722	474	651	430	208	375	634	264	686	172
638	2409	1539	2426	521	1027	89	348	779	2045	1919	1327	1808	618	722	1895	862	2541	1468	2171	294	701	296	2146	638	2673	2465	449	375	264	227	1189	441	383	1460	1312
641	641	484	1739	376
644	644	210	552	565
647	647	81
650	650	1557	472	483	1006	656
653	552	653	2480
656	656	148	773	650	657
659	695	163	659	625	397	11	624
662	662	181	518
665	747	665	294	427
668	668	310	2683	604	1315	975	2562	1508	2413	2414	263
671	1459	671	552	566	1599	562	565
674	674	427
677	677	71
680	680	74	90	608	747
683	683	632	1860	635	430	686
686	225	1273	1698	430	686	760	318	634	116	683	223	44	381	2557	2541	119	635
689	689	967	1580	163	1826
692	692	296	1191	438	378
695	695	1967	747	659
698	698	474	427	1431	360
701	701	15	638	1644
704	704	376
707	707	196	158	195
710	710	847	569	438
713	713	347	161
716	716	611	157
719	719	1666	2561	1133	1112	611	747	609	520	87	1838
722	722	638	635
725	725	48	41	93
728	728	943	243	1127	1016	1305	1466
731	731	1656	330	1450	576	121	1778	808
734	734	213	490	492
737	737	747	2024
740	740	1683	1667	1664	1559	418	157	929	164	560	1703
743	743	744	163	65	2030	2659	2316	2077
746	746	14	299
749	197	749	2485	483	552	1459
752	752	649	1621
755	1404	2058	755	188	757
758	758	100	265	1980
761	9	761	40	535
764	764	1311	2174	636	2687	769	1581	910	1573
767	767	569	255
770	730	1285	770	350
773	773	1687	656	565	1643
776	2088	776	398	342	2166	1326
779	779	542	1203	638	684	747
782	782	1532
785	1155	785	1513	862	1328	1812
788	788	2341	1414	2425	2323	945	1268
791	791	1004	1560	786	1661	1003
794	794	795
797	797	1645
800	800	163	1136
803	803	1563	357	1439	53
806	806	1121	1354	1138
809	809	1080	919	812	1365	1229	814	1222	1615	1190	1129	908	1639	1044	297
812	812	1044	809	1080	1341	814	1365
815	815	1523	880
818	818	817	582	1212	1215	1125	819
821	821	607	1389	1421
824	824	1707	1215	1621
827	913	1894	827	1527	909
830	830	1252
833	2001	1516	1796	833	1218	714
836	836	375	1266	426	1595
839	839	59	1072	874	1520	1709	576	354	1067	1526
842	842	565	1540
845	845	784
848	848	967	1032	1223	1607	847	591	1739	1388	1400	1468
851	851	1491
854	854	2211	1231	1178	2598
857	857	2060	1125	1483
860	860	934	1911	1184	1940
863	808	863	576	2499
866	866	18	890
869	869	76	1374
872	872	59	570	1520
875	875	370	775	1192	933	554
878	878	1023	1472
881	2423	2405	572	2702	2454	74	1256	1203	881	1119	1411	816	2295	2203	112
884	884	109	1658
887	887	1531	983
890	890	18	866
893	893	1290	1259	1174
896	468	888	896	1372
899	1565	899	1564	611	1672
902	910	966	902	1174	965	964	981
905	905	1397	976	1393	1287	558
908	908	919	2304	414	809
911	911	177	1354	585
914	272	914	1551
917	1338	850	917	784
920	920	1520	873
923	1233	1416	923	1126	922
926	926	1112	1019
929	2442	929	1559	740	71	1697
932	932	865	251	1505
935	935	163	1136
938	2196	611	938	1127	560
941	941	1717	1441
944	944	1335	1337
947	947	1328
950	950	84	1240	1241
953	953	972
956	956	1231	1178	2598	995
959	959	793	1130
962	962	745	829
965	965	1060	1481	966	177	1673	981	1253	964	1432	1590	902	1140
968	968	1285
971	971	1602	1527	2166	1326
974	974	844	970
977	977	1234
980	980	1488
983	983	1002	1636	887	1735	256	1531	928	1302
986	2614	1644	862	2605	2484	1642	2616	986	136
989	989	1418	1068
992	992	1354
995	995	1232	1230	1985	1178	1231	415	1690	2139	2673	956	1495	1971
998	84	1241	998	347	1240
1001	1001	1354
1004	1469	791	672	1004	2483	786	1364	2146	2350	1003	1343
1007	1007	837	2426	1919	344	2217
1010	1578	1569	1010	1061	1011	877	1651	1182
1013	1013	1156
1016	728	1466	1670	1016	727	1305	943	1110	1070	1205	856	1729
1019	1019	906	927	1290	1256	853	926	862
1022	1022	1282
1025	1025	876	1449	1712	1238	569	1290	1388	453	1006
1028	1028	1042	206	1610	1435	1037
1031	1031	1328	258
1034	1034	1178	1730
1037	1037	1610	1470	427	1042	1028
1040	1040	1354
1043	1043	1435	1042
1046	2706	1344	1046	612	1121	1345
1049	1292	1498	1049	1329
1052	832	1051	600	1052	1066
1055	1055	607	1284	1059
1058	1058	2454	1211
1061	1061	585	1010	426	1651	1578	1244	378
1064	1937	332	1064	952	623
1067	1067	576	1801	570	834	1814	839
1070	1070	1153	793	163	1016
1073	1073	1569	1636	1182	314	1112
1076	1076	1078	2461	1086
1079	1079	611	1718	1103	1389	864	1724	1315	975	1009
1082	1082	2312	1259	521	1081
1085	1085	1292
1088	1088	1565
1091	1091	1014	676	476	1288
1094	1094	2228	355	1659	2085
1097	1097	1393
1100	1100	1464
1103	1079	1103	1579	74	611	427
1106	1106	1065	163	1305
1109	1109	1328	2151	1570
1112	1112	1618	719	1073	926	1403	2415	101	1512
1115	1115	1252	820
1118	1118	1540	134
1121	1640	540	806	1344	1121	1138	643	1046
1124	1124	1567	453	1566
1127	1127	938	728	1153	163	793
1130	1130	1334	163	959
1133	1133	719	1666
1136	1136	1523	1575	1286	1558	1030	163	800	935	1063	1142	1516	1018	1060	727	1594	1740	1333
1139	793	163	1139	1598	780	1018	1572
1142	1142	1136	1018
1145	1145	1323
1148	1148	486	1534	1597	1355	285	30
1151	1151	1350
1154	1154	819	1531
1157	1157	741	1700	1704	745	687
1160	1160	1166
1163	1498	1163	1534	1497
1166	1166	1160
1169	1169	1454	1284	524
1172	2108	1172	2341	915	1141	623
1175	1175	1325	1628
1178	1099	1232	1230	1231	1690	1178	1688	1737	995	163	1362	1736	854	956	1034	1476
1181	1181	25	569	1431
1184	860	120	1362	1184	844	141	2199	781	1784
1187	1187	426	1234
1190	1190	1129	809	1321
1193	1193	1183
1196	1196	840	1038
1199	1199	1702	1550
1202	1202	1183
1205	1153	793	163	1205	1016
1208	1208	1429	1434
1211	1211	1247	1520	1058
1214	1214	1635	523	583
1217	1217	1349
1220	1220	1618	1608	1484	74
1223	1607	1223	1335	848	1422
1226	1226	1234	1290
1229	1229	809	1615
1232	1232	2211	1231	1178	2598	995
1235	1235	1512	2508
1238	1238	1550	1025	378	1290	1500
1241	1241	772	2559	1147	1347	912	998	1141	1240	84	950
1244	1596	1244	348	314	344	1061
1247	1247	1211
1250	1250	399	1251
1253	163	1311	965	1253	811	910	1131
1256	1256	2675	1019	881	1644
1259	1259	136	2312	2213	92	1944	1081	521	1082	893
1262	1262	1104
1265	1265	1725	611	921
1268	1268	1414	976	1842	1757	788	2419	2140	1898	2323	1186
1271	1271	997	236
1274	1305	1303	163	1274	343	427
1277	1277	1533	2277	2470	1476	163	2152
1280	1280	955
1283	1283	142	823	427	391	1547	1318	1284	230
1286	1286	163	1136
1289	1289	157	1452
1292	1292	1049	960	1071	1085
1295	1295	886
1298	407	1298	409	1592	1285
1301	1301	1266	1595	2346	960
1304	1304	1354
1307	1307	1657	1057
1310	1306	1310	1499
1313	1313	1005	1623	1382	1655
1316	1316	882	565	295
1319	1319	1391
1322	1322	323	1027	2539	1622	1020
1325	2170	1175	2309	1325	219
1328	1644	1107	927	1328	1513	1020	1173	1031	1101	1423	947	1584	1412	783	785	1155	1109	1568	1111
1331	1331	1167
1334	1334	1130	1696	163	793
1337	1337	2300	944	2343	1335	1020
1340	1075	427	1340	157
1343	1456	672	1364	1363	1343	1003	1004
1346	1346	1451	1272	1281
1349	1349	1217
1352	1352	2674	611	1672
1355	1648	1640	1148	1355	1047
1358	1358	1661	1567	591	453
1361	1361	1463
1364	1364	1363	1469	1705	1343	1003	1004
1367	1367	817
1370	1370	2692	1102	136
1373	1373	1366	565	1718
1376	1376	1546	1727	306	565	738
1379	1379	163	1611
1382	1382	1285	1313
1385	1385	1706	1653
1388	1388	1027	1025	848	1586
1391	1391	1319
1394	1394	967
1397	1397	905	1287	1393
1400	1400	848	967
1403	1403	1112
1406	1406	1463
1409	1409	1797	2600	129	2220	2703	789	958
1412	1412	1111	1328	1431
1415	1525	1504	1415	1506
1418	1418	989	2499	726
1421	1421	1417	821
1424	1424	1530	1218	1799
1427	1427	525	1550
1430	1356	1430	569	1484
1433	1433	1026	1095	798
1436	1436	895
1439	803	1439	53
1442	1442	414	344	1135	675	1445	1444
1445	1442	1445	675	344	414
1448	1448	1621
1451	1272	1604	1281	1451	1346
1454	1454	524	1169
1457	569	1457	828	163	826	1462	1237
1460	1460	638	924	672
1463	1463	1361	1053	1512	999	931	1399	1406	1405
1466	1466	1650	943	1016	728
1469	1469	1705	1364	1456	1003	1661	1004
1472	1472	878
1475	1475	1642	801
1478	1478	1336	2338	1335
1481	1481	965	966	910	964	1573
1484	1484	1197	1430	822	1482	1057	1500	1092	1521	1237	931	1220	1522	1692
1487	1487	1528	1532
1490	1490	531	206	1488
1493	867	774	1493	611	1732
1496	1496	1125
1499	1499	1310	1306	611	1050
1502	1502	577	1393	1288	772
1505	1505	865	932	251	2560
1508	1724	1508	668
1511	1511	1357
1514	1514	429	1333
1517	1517	1612
1520	1520	1072	1211	920	1200	1258	354	872	1526	1524	1709	570	834	1246	839	873	59	874	1245
1523	1523	815	1060	813	1136	343	880
1526	1526	839	1524	576	1520
1529	1529	882	565	1314
1532	1532	782	577	1480	1487	558	327	925
1535	1535	289	1537	1348	629
1538	1538	1724
1541	1541	1395
1544	1544	1206	163	566
1547	227	1547	427	142	1283
1550	1550	1555	1419	1425	1238	1427	84	684	157	1158	1624	1199
1553	1553	1554	1552	82	901
1556	1556	1534	1537
1559	1559	1683	1664	1697	740	1791	2658	929	71	1703
1562	1562	631	355	627	1637
1565	1565	899	1088
1568	1568	1328	1053	430
1571	1571	2202	1216	163	1218	343
1574	1574	1017	484
1577	1577	1580	658	427	343
1580	1580	1577	689	1625
1583	2396	900	1583	2563
1586	1586	1388
1589	1589	910
1592	1592	1293	1734	405	1161	1298	1176
1595	1595	151	2675	2346	1863	1576	1964	1301	1862	1776	1657	1824	836
1598	1598	780	1139	1572
1601	2423	1429	1644	1155	1601	224	1428
1604	1604	1272	1281	1451
1607	1607	848	1223	1335	1053
1610	1610	1028	1037
1613	1613	1619	784	1162	99	1614
1616	1616	882	523	565
1619	1619	1722	1614	1723	99	1613
1622	1622	1578	1312	1428	344	1322
1625	1625	1580
1628	1628	1063	1175
1631	2407	2330	1631	2604	934	2598
1634	1634	74	1252
1637	1637	1562	430	157
1640	540	1345	1121	1640	603	1355	2706
1643	1643	773	566	1189	868	1649	649
1646	1646	943	145
1649	1649	1557	148	1213	1228	1687	868	691	1643
1652	1652	1659
1655	1655	1313
1658	1658	884
1661	1661	1469	1358	791	453	109
1664	804	1697	1664	1559	740
1667	1667	1697	740
1670	1670	1016	1218
1673	965	1673	966	910	964	1573
1676	1676	1146	565	523	207	74
1679	1679	1726	627	1569
1682	1682	1681
1685	1455	422	163	1685	1069
1688	1688	1228	1178
1691	1691	422	163	793
1694	1694	793	1455
1697	1697	804	1683	1667	1599	929	1559	1664	16	1703
1700	1700	1157	745	687
1703	1703	1697	1559	740
1706	1706	1635	799	1385
1709	839	59	570	1709	1520
1712	1712	1025	1290	569	453
1715	1715	1386	1734	163	793
1718	1718	1373	2138	1867	201	1079	157	28	810	2413	2582	2414
1721	1721	1569
1724	1724	1508	1492	1079	1538
1727	1376	1727	565	738
1730	1730	1533	1034
1733	1733	41	904
1736	1736	1737	1178	1690
1739	1739	641	848
1742	1742	2456
1745	2175	1745	2641
1748	456	1748	2182
1751	1751	2691
1754	1754	1867	1869
1757	1757	2221	2341	1842	1268
1760	427	1760	1879
1763	1763	2611	745	639	611	407
1766	1766	1810	427	477
1769	1769	1696	2330
1772	1772	2307	2351
1775	1775	1728	1771	163	1795	2116	2082	1793
1778	1778	731	2024
1781	1781	2663	1819
1784	1784	844	1184	163	2199	380	2688	2705	55
1787	2499	1787	2676	359
1790	2334	22	415	1790	523	565
1793	2082	1795	1793	2178	1775	2181
1796	1796	833	1917	2001	1030
1799	1424	1799	2205	163	727
1802	1802	2064	1777
1805	1805	2289	1804
1808	1808	638	2210
1811	1811	2410	427	204
1814	1814	834	1067	570	1801	576
1817	1817	2464
1820	2383	1820	2569
1823	1823	2487	2580
1826	1826	689	2630
1829	1829	2421
1832	1832	1831	55	1836	415	2334
1835	1835	2182	2011
1838	2514	719	1838	1908	485	2380
1841	1841	1741	564
1844	1844	1979	1845
1847	1847	1846	1927
1850	1850	163	2554
1853	1853	2320	1861
1856	1856	2421
1859	471	554	548	565	621	1859	1791
1862	1862	1964	1863	2675	1644	1595
1865	1865	2107
1868	1868	2421
1871	2499	1871	359
1874	1874	1920
1877	578	717	2215	251	1877	414
1880	1880	2302
1883	1883	2177
1886	1902	1885	1886	745	1884
1889	1889	2648	730	562	2586
1892	1892	2131
1895	1895	1893	638	102
1898	2140	278	1898	1268	2108
1901	1901	2301	1800
1904	1904	2556	643
1907	1907	1800	1995	2301
1910	2661	2366	1910	2488	2375	2575	705	2159	2242	1668	2416	2081	2506
1913	1913	1803	416
1916	1916	2400
1919	2431	1007	1919	638	2426
1922	1922	2026	570	576
1925	1925	2392	2133	2206
1928	1928	2570	667	1923	74	2114	2124
1931	1931	2277	523	2402	1408	1921	2624
1934	1934	1816	423	2463	76	558
1937	1937	1064	623	107	2293	389
1940	2250	860	1940	2220	2175
1943	1943	1936	163	1696
1946	1946	1030	2516
1949	1949	1960
1952	2396	1952	2029	2393	503
1955	1955	2194	2149	2190
1958	1958	2220	2226
1961	1961	2527	2100
1964	1644	1595	102	2675	1863	1964	1862
1967	1967	2346	695
1970	1970	2486
1973	1973	2451	247	129
1976	1976	1854
1979	1979	68	1844	1845
1982	1982	1716	1713	41	2153
1985	1985	2065	995	1231
1988	1988	2401
1991	1991	2510	1713	1716
1994	1994	1995	2097	1800	2241
1997	1997	1996
2000	2000	467	2115
2003	2003	1999	2515
2006	2006	1824
2009	2009	2534
2012	2012	2135	378	102
2015	2034	2015	2092	2327
2018	1828	2018	562	2014
2021	2021	87	157	2218	2428
2024	2024	737	1778	1932	427
2027	2027	636	2409	465	565
2030	2316	744	2130	2131	2128	2077	2030	2659	743
2033	2033	430	2622
2036	2036	2696
2039	2254	1890	2039	163	1060
2042	2042	378	2428
2045	2045	638	2550
2048	2048	1854
2051	2051	1969
2054	2053	109	2685	2054	640	591
2057	2215	1510	2057	790	2465	2695
2060	2060	857	2062	1483
2063	2063	2494
2066	2066	985	159	2062	2674
2069	2069	2434	260
2072	2072	667	2227	36
2075	2075	1855
2078	2078	1983	2406	295	1459	2474
2081	2081	1910	2159	2366
2084	2084	2615
2087	2087	1911	2261	2175	1257
2090	2090	1260	2530
2093	2093	283	1990
2096	2096	2142
2099	2099	2098	453	569	456
2102	2102	2664	144	189
2105	2105	2621
2108	1172	2108	1898	2140
2111	2111	2302	2047
2114	2114	2124	1928	1923
2117	2117	2639
2120	2120	1798
2123	2123	649	2482
2126	2126	2591	2213	2339	426	2426
2129	2129	2454
2132	2132	382	1837
2135	134	2333	2012	2135	2583	2023
2138	2138	1718	2285
2141	2141	2511	2418
2144	2144	1894	1326
2147	2147	2019	2498	2499
2150	2150	1192	2179	2305	2183	1954	2222
2153	2153	2318	2219	2022	1716	1713	115	2002	2699	1992	889	1977	1982	2008	2025
2156	2156	453	2098
2159	2159	2661	2081	1910
2162	2162	2599	2586	745
2165	2165	129	745	538	2363	2193	1143
2168	2168	2350	1363
2171	2032	2171	2031	638	344
2174	2174	764	2687	636	1573
2177	163	2177	1883
2180	2180	2577	1500
2183	2183	2305	2179	2150	1954
2186	2186	2321
2189	2189	2194	2188	2365	2190
2192	2192	1743	177
2195	2195	286	378	1963
2198	2198	2695	2537	1560
2201	2201	2233
2204	2173	163	2204	846	636
2207	2207	79	1786
2210	2210	1808
2213	2539	2126	2213	2290	1259	2253
2216	2216	2705	2361	2688
2219	2219	2022	2008	2153	1977
2222	2222	1954	2150
2225	2225	2423	256	1608	1732
2228	2085	2068	2228	1094	127	1093
2231	2231	136	2635
2234	2234	2208
2237	2237	2274	2170
2240	2240	2466
2243	2243	2245	831	2244
2246	2246	2475	2356
2249	2249	2175	2271
2252	2252	2277	2220	2271
2255	2255	427	2412
2258	427	2258	1887
2261	2261	2259	1719	2206	2087
2264	2264	2519
2267	2267	2196
2270	480	2270	667	2043
2273	2273	2360
2276	2276	30	1864	486
2279	2279	1806	2579
2282	2282	1686	2426	2217
2285	2311	2285	2138
2288	2288	2697	1759
2291	2291	585	2290	1275	344	378
2294	1140	2529	2380	66	2294	649
2297	2297	2304
2300	2300	2636	1337	479
2303	2303	1951	2035	858
2306	2306	2049	427	2594
2309	2309	538	403	1969	1325	681
2312	2312	2587	1082	1259	521
2315	109	2315	2287
2318	2318	491	2153	1977
2321	2321	2370	2186	2187
2324	2324	1161	2326
2327	2327	2034	1924	76	2015
2330	2330	1769	1631	2604	1696	2598
2333	2333	102	2135	2583	318
2336	2336	745	2579
2339	2126	2339	344	675
2342	2342	1270	2577	381	2197	497	2593	2151
2345	2345	2511	2418	2005
2348	2348	1783	2682
2351	2351	1772
2354	2354	556	400	2360	2455	453	555
2357	2357	2499	1656
2360	2360	574	2040	1006	2004	2354	672	400	1386	556	2273
2363	2363	1719	2165	1969	163	129
2366	2458	2366	2506	2081	2575	1910
2369	256	426	2369	2607
2372	2372	1126	2398	2489
2375	2375	1910	2661	2416
2378	2378	2335	1668	611	2050
2381	2667	1606	2381	687
2384	2384	2460
2387	2387	2386
2390	2390	2227	36	74	76
2393	2393	1813	496	1952	1896	2029	663
2396	2563	1583	2396	163	1952	503
2399	2399	2398	136	2626
2402	2402	1931	1921
2405	2405	2203	1119	881	2397
2408	2408	1975	523	2145
2411	2411	2666
2414	2373	2414	2239	1366	668	1718
2417	2417	157	2532
2420	2420	1527	2169
2423	1161	2657	881	2423	2627	1601	853	550	1644	862	1191	2225	1732
2426	2426	1919	2431	638	2493	1686	2126	1007	344	2282
2429	2624	2281	2317	2429	2667	2152	1143
2432	2432	1755
2435	2435	2236	2262
2438	2438	92	2091
2441	2441	2585	66	344
2444	2444	2257	500
2447	2447	378	2010
2450	1881	2450	1498	2449
2453	2453	427	2666
2456	1029	2456	1742	48	41
2459	553	2459	2606
2462	2462	1986	401
2465	228	2465	638	2057
2468	2468	2467
2471	2471	2245
2474	2474	2425	62	2078
2477	2477	2678
2480	2485	2480	653	566	523	565
2483	2483	1848	1003	1004
2486	2486	1970	2586
2489	2489	2371	2372	1126	643
2492	2492	2547	2461	1900	577
2495	2495	2694	1762	58	571
2498	2498	2147	2322	2500	2567	2499	359
2501	2501	611	2260
2504	2504	1536	1663	2667
2507	2507	2374	2239	2373	371
2510	2510	416	2362	1977	1991	1978	1713	2002
2513	2513	2239	310	74	2374	1366
2516	2516	1946
2519	2519	2264
2522	2522	2275
2525	2525	1527	2088
2528	2528	1858
2531	2531	2566
2534	2534	2009
2537	1927	2537	451	1846	2198
2540	2540	160	1857	611	157
2543	2543	159	2440	2409	136	1479	1776	2674
2546	2546	1993	342	276
2549	280	2549	519	2608	193
2552	2552	576	2026
2555	2555	2560
2558	2558	2514	450
2561	2561	719	1527	1908	485	2380
2564	1785	2564	163	1558	1159
2567	2567	2498	359
2570	2570	1806	1928	480	667
2573	2573	1942
2576	2576	2678	1051
2579	2579	2279	2336
2582	2582	462	2178	1718	409	411
2585	2585	1263	1830	1809	2441
2588	2588	2301
2591	2591	2253	2126	2427	2431
2594	2594	2306	411
2597	2597	2256	1698
2600	2600	2220	1409	163	523
2603	2603	1756
2606	2337	2611	2606	2662	527	2459
2609	2609	2080	344	2079
2612	2612	26	2625	724	1903
2615	2615	2084	2074	1647
2618	2618	2509	1269	453
2621	2621	2105
2624	2624	2317	2429	1204	1931	1878	2702	2277
2627	2627	2423
2630	2630	1826
2633	2633	2182	2011
2636	479	2636	2300
2639	2639	2117
2642	2642	565	523	2368
2645	2645	1854	2482
2648	2648	1889
2651	2651	1062	2059
2654	2654	74	2421
2657	2657	2423	1161
2660	2660	1933	558	577
2663	2663	1781	2229
2666	2666	2411	451	2453
2669	2669	2596
2672	636	2409	465	2672	565
2675	2675	1256	1964	1824	1595	1862
2678	2678	2477	2576
2681	2681	1857	160	78
2684	2684	2523
2687	764	2687	636	2174
2690	591	2690	2053
2693	2693	2025
2696	2696	2036	2695	672	98
2699	2699	2153
2702	2702	881	2624
2705	2705	1839	2216	1840	1784
