3	3	601	197	463
9	9	481	761	453	308
15	80	538	129	701	15	253	234	322	254	152	399
21	1378	438	21	567	294
27	27	84	532
33	1701	33	250	1591
39	39	24	82
45	492	45	220	1459	490
51	51	772	645	2559
57	57	967	306	565	552	1459
63	63	210	739	153	1546
69	69	66
75	75	1354	2122	288	2299	1123	1854	1855
81	81	647
87	87	2021	719	2245	383	47
93	93	759	725
99	99	1255	2679	1722	1619	1852	1803	1613	759	2578	2592
105	105	248	1326	2434
111	111	350
117	117	452	155	345	513
123	123	553
129	1204	22	1728	538	2451	2165	129	2220	163	2193	2363	15	1409	2446	188	1973
135	135	418	654
141	188	163	141	1184
147	147	479
153	153	747	63	294
159	159	2172	2543	136	2066	2674	985
165	165	432
171	171	109	114
177	177	1959	635	911	1489	430	885	2192	965
183	183	541	454	66	539
189	189	188	2664	42	163	2102	395
195	195	196	735	707
201	201	1990	427	350	1718	143
207	207	1536	1676	747	688
213	213	734	490	492
219	219	712	757	563	1689	402	1404	163	1325	38	1738	846	2563
225	225	88	686	2428
231	231	30	486	285
237	237	1060	163	329
243	243	53	728	357
249	249	652	2649	86
255	255	421	767	569	70
261	261	345	626
267	267	20	334	459	732
273	273	38	372
279	279	464
285	285	30	486	1148	231
291	291	487
297	297	441	809	1321
303	303	478	426	2091	1174
309	309	163
315	315	747
321	2305	2179	1192	321	566	1954
327	327	1532	945	1899	324	326
333	333	566	463	477	565
339	339	495	342	1602	1549	270
345	622	2421	76	2389	117	345	2266	1924	261	74
351	351	350	730
357	357	1563	2089	537	243	803
363	363	337	143	346
369	369	747
375	375	836	1576	638	635
381	635	686	381	430	2342
387	387	293
393	393	157	14
399	15	1251	399	427	1250
405	405	1592	753	1285
411	411	2232	1600	512	1891	2594	536	1470	2582
417	317	417	508
423	558	423	1290	557	1934	62	2425
429	29	429	1290	1514
435	751	435	8	258	14	0
441	441	638	297
447	447	1471	630	1501
453	1124	549	876	1269	2618	2059	1566	706	453	9	2034	591	1712	2156	2354	2099	2455	1025	2098	1358	2092	1449	1661	514
459	459	109	130	1705	640	267
465	465	466	85	566	2368	294	523	103	2672	118	565	2027
471	471	621	1045	2	103	1632	295	1859
477	477	745	333	427	2658	1645	566	294	1766	565	463	2409	229
483	483	566	277	294	749	552	650	463	933	367
489	2670	747	238	489	1815	301	46
495	270	342	495	467	339
501	501	663	503	496	174
507	507	2548	549	2427	1888	109	2391	798
513	513	155	117	452
519	519	192	193	2590	2549	2223	2608	420	10	190	280	705	2448	510
525	525	1427	522	1425	1419	684
531	531	1490	2187	693
537	537	1204	357	606
543	543	540
549	549	672	488	574	591	287	640	453	507	456
555	555	2354	556	615	400
561	561	745	747	427
567	567	21	385	502	1828	970	277
573	573	464	270
579	696	611	579	747
585	585	1061	378	911	2091	1275	335	2290	2291
591	672	640	549	1186	453	2155	287	848	1358	2690	591	2182	199	488	2475	1032	1105	2054
597	597	675	224	434	204	106
603	670	1640	603	540	1047
609	609	747	719
615	615	98	556	555	54	614
621	738	471	1859	552	621	565
627	627	1270	1679	1562	1057	338
633	611	1459	633	565	294	566	197
639	639	584	250	1763
645	645	211	742	51	312
651	651	430	635
657	656	657	1581
663	663	501	496	2393
669	669	509
675	675	1429	2215	1445	344	2339	1442	597
681	681	712	402	2309
687	687	741	1704	2683	745	626	1700	1564	1157	2381	110
693	693	531	1471	1501	648
699	699	566	747	588	294
705	705	1910	519	192
711	711	485
717	717	2502	163	1122	1877	188	2568	523
723	723	552
729	729	67	1993	467	1945	342
735	735	2649	2106	216	195	2527	1956	307	86
741	741	1157	747	687	204
747	747	353	175	489	696	113	207	153	561	719	741	588	18	72	655	43	202	110	217	572	771	104	397	198	235	127	680	724	502	186	234	494	336	124	203	610	458	695	83	369	685	527	386	91	328	310	73	112	349	665	628	205	600	26	579	737	330	542	779	700	362	204	283	599	703	545	229	609	315	368	526	763	699	620	146
753	753	405	444	409
759	759	95	23	93	161	99	292
765	765	163
771	771	72	104	202	747	745
777	777	533
783	1155	1407	1328	783	1812
789	789	1206	415	1409
795	794	795	865
801	801	1542	313	1475
807	807	1438	294	1672
813	813	163	1523
819	819	1154	818	817	1212	1215
825	1215	825	1707
831	831	885	2243	2466
837	837	1686	1007	1489
843	843	575	568	1101	2658
849	849	1720
855	1654	855	1338
861	861	1678	1236	1431
867	867	46	74	1493	667
873	873	1520	920
879	879	700	979
885	885	831	1335	177
891	891	1437
897	897	1240	157
903	903	1491	1672
909	909	913	1894	1527	827
915	915	1172	1294
921	921	1265	1725
927	927	1328	1019
933	933	483	875
939	939	1242
945	945	1414	327	788	1287	62
951	951	1401	2605	1554
957	957	967
963	963	344	1519
969	969	954
975	975	668	1079	76	608	74
981	981	910	902	1140	965
987	987	1608	1240	74
993	993	973
999	999	1240	1463	70	1512	347
1005	1005	1313
1011	1011	1010	1569	1008
1017	1017	157	74	1574
1023	1023	1090	878
1029	1029	1090	2456
1035	1035	1216	714	1218
1041	1041	1321
1047	1047	603	1345	1344	1348	1355	1354	1420
1053	1053	1568	1024	853	931	1191	1463	1197	1607
1059	1059	1055
1065	1065	1305	163	1153	1279	1106	1063
1071	1292	1071	1498	1329
1077	1077	1153
1083	1083	1660
1089	1089	1354
1095	1095	792	1433	1360	798	1456
1101	1101	1111	1328	843
1107	1107	1328	1617
1113	1113	1380	163	1153
1119	2405	1119	1203	881
1125	1125	817	1496	166	818	1483	857
1131	1131	1253	910	966
1137	558	1137	1459	1687
1143	1404	2429	1143	2165
1149	1150	912	1323	2044	1149	1891
1155	1155	1812	783	1328	785	1601	862	1407
1161	1592	1560	2423	1702	1161	2657	2324
1167	1167	1332	1330	1331
1173	1173	318	1328	2583
1179	1179	946
1185	1185	1521	1000
1191	1191	2423	661	1053	1290	692
1197	2634	1290	1197	1484	1053
1203	1203	1195	1411	816	1119	881	779	1630	542
1209	1209	1215	539
1215	825	1215	824	1707	1699	818	580	1209	819
1221	1221	1797	910	2703
1227	1227	1236
1233	1233	922	923
1239	1239	1387
1245	1245	1243	1524	1520	570	576
1251	1251	399	1250
1257	380	1153	163	1872	1719	1257	2175	2259	2087
1263	1263	2585	1234
1269	418	1312	569	2618	1260	876	1269	453
1275	1275	2291	2290	426	2617	344	378	1234	585
1281	1346	948	1471	1282	1272	1281	1604	1451
1287	1287	905	499	787	945	810	976	1437	1414	1397
1293	1293	2284	672	1606	1592	1600
1299	1299	1392	1216	714	1218
1305	1106	728	1305	1016	1098	163	1274	1065	1575	1740
1311	1311	1140	1253	910	764
1317	1317	1354
1323	1323	1150	1149	1145	1195	1062
1329	1020	1986	1071	1329	2127	1049
1335	1339	1337	1032	1270	885	1024	1335	1267	944	1607	1512	1478	1223
1341	1341	1044	812
1347	1347	1147	84	1240	1241
1353	1353	934	2302	2317	294
1359	1359	1057
1365	1044	814	809	1365	812
1371	1371	1114
1377	288	1377	313	1642
1383	1383	1384	152	1398
1389	1389	1050	2707	1079	821
1395	1395	1541
1401	951	1554	1401	2605	562	565
1407	1407	1155	862	1626	783	1812
1413	1413	136	1102
1419	1419	1550	525
1425	1425	1550	525	684
1431	1431	861	1412	698	1181
1437	1437	891	787	1393	1287	1593
1443	1443	1540
1449	1449	453	1025
1455	1455	1694	793	1685	1069	1153
1461	1461	1288	304	1593	954	1357
1467	1467	1333	163	793
1473	1473	1249	380	1474
1479	2017	1102	136	1479	2543
1485	1485	1252	1159
1491	1491	903	1605	1390	851
1497	1497	1126	580	901	1212	1163
1503	1503	1276	1108	1507	1504	1525	1308
1509	589	1509	592	1144
1515	961	936	163	1711	1581	1515	1447	988
1521	1237	1521	1185	1484	70
1527	1527	1894	260	2221	1086	827	419	909	2420	211	1543	2561	2524	1747	2166	1240	2525	971	2076	2088
1533	1533	900	781	970	846	1730	1277
1539	924	378	1539	638	449	2091	136
1545	1086	1545	1909	1582
1551	272	1551	914
1557	1557	650	691	1649	1687
1563	1563	53	803	357
1569	1569	1008	1726	1182	1010	1486	1073	430	208	1609	1011	877	1587	1327	1721	1684	1679
1575	1575	1305	163	1136
1581	764	1581	657	1447	1515	1711
1587	1587	1569
1593	1593	1288	1116	1461	978	1437
1599	1599	1697	671
1605	1605	1491
1611	1611	1380	1379	100	163	1153
1617	1617	1107	430	236
1623	1623	1313
1629	1629	796
1635	1635	1214	1706
1641	1641	1086	71	558
1647	1647	2074	2586	1908	1684	2615
1653	1653	1385
1659	1094	1659	1652	1093
1665	1665	539	883
1671	1671	1512	344
1677	1677	1120
1683	1559	740	1198	1683	1697
1689	38	538	1689	1738	163	219
1695	1695	1354
1701	1701	36	832	1591	33
1707	1707	825	1215	824
1713	1713	1991	138	1978	1982	1870	889	2153	1992	2510	1716	41	2002	115	892	416	468
1719	1719	1257	2175	1216	2363	2261	1911
1725	1725	1265	921
1731	1731	888
1737	1737	1736	380	415	1178
1743	1743	2192
1749	1749	2164
1755	1755	611	2432
1761	1761	2208
1767	1767	2257	500
1773	1773	2545
1779	1779	2007
1785	1785	2564
1791	1791	1559	682	1859
1797	1797	1221	1409	2200
1803	1803	1913	84	99
1809	1809	2585	2071
1815	1815	253	238	2671	489	2670
1821	1801	1821	834
1827	1827	1962	574	2083	2224	299	2110
1833	1833	2367
1839	1839	2688	290	2705
1845	1845	979	1844	68	1979
1851	1851	503	1896
1857	1857	2020	2681	2540	160	125
1863	1863	1964	1862	1644	1595
1869	1869	1754	2409
1875	1875	2553	2439	407	1891
1881	1881	2450	344	2449
1887	1887	2258	1902
1893	1893	1908	102	1895
1899	1899	327	2292
1905	1905	1834	163	55
1911	1911	290	1719	1098	860	2087	2206
1917	1917	2334	1796
1923	1923	2114	1928	71	2227
1929	1929	2349
1935	1935	2340	611	2499
1941	1941	748	1926
1947	1947	2557
1953	1953	2107
1959	1959	2259	120	177
1965	757	2089	1965	712
1971	1971	2211	995	163	1696
1977	1977	2318	2219	2153	2510
1983	1983	2078
1989	1989	1882
1995	1995	1800	1907	1994	2097
2001	2001	1796	833
2007	1780	2007	68	1779
2013	2013	74	2382
2019	2019	157	2147
2025	2025	2693	2153	2377
2031	2031	2171
2037	2037	2151	1584	288
2043	2043	2270
2049	2049	2306	2218	2410
2055	2055	2352
2061	2061	2062	96	215
2067	2067	1792
2073	2073	1818
2079	2079	1428	2609
2085	2085	1093	2228	1094
2091	2091	2617	1539	1944	303	585	2438
2097	2097	1994	1995
2103	415	2103	2334
2109	2109	2185
2115	2115	2000	276
2121	2121	2212
2127	2338	2127	1329
2133	2133	1925	2206	2199
2139	2139	995	2220	2226
2145	2145	2408
2151	2151	1584	2037	2342	1109
2157	2565	66	2157	288
2163	2163	1849
2169	2169	1290	2420
2175	2175	1257	120	1696	2206	2087	2249	2259	2361	163	1745	2250	1009	1362	1940	1719
2181	2181	1795	1788	1793	2143	2178
2187	2187	2321	2314	531
2193	2193	2165	129	538
2199	2133	2199	1184	1784
2205	2205	1799
2211	2211	1232	854	1971
2217	2217	2282	1007
2223	2223	510	190	519	2214
2229	2229	2663	344	1428
2235	2235	2208
2241	2241	1994
2247	2247	2701	2263
2253	2253	2213	2591
2259	2259	2175	1257	163	2271	1959	2261
2265	2265	163	2347
2271	2271	2250	2249	2252	2259	2238
2277	2277	1277	2269	2252	1931	2624
2283	2283	2284
2289	2289	1804	1805
2295	2295	881	163	2667	427
2301	1901	2301	2588	1907
2307	2307	1772	1939	406
2313	2313	2208
2319	2319	2479	227	2131
2325	2325	2538	611	745
2331	2331	571	2694
2337	2337	2610	2218	2606
2343	1618	2343	208	430	2443	1337
2349	2349	1929
2355	2355	1879	217	763
2361	139	2216	2361	163	2175
2367	2367	2577	1833
2373	2373	2507	1366	2374	916	2414	2413
2379	2379	1984	2206
2385	2385	2676	611	2499
2391	2391	507	2427	2548
2397	2397	2203	2405
2403	2403	649	2581
2409	1869	2543	477	638	2027	174	2409	1644	2672
2415	2415	1112	2530
2421	2421	115	1868	74	2590	263	2389	1829	1856	1906	2654	345	2266
2427	2427	1888	318	2394	507	2548	2591	2391
2433	2433	2437
2439	2439	407	1875
2445	2445	2268	2275
2451	2451	1973	163	2446	129
2457	2457	690	1980
2463	2463	558	1934
2469	2469	1789
2475	2475	574	1363	2246	640	591
2481	2481	1858
2487	2487	136	52	430	1823
2493	2493	2426	1428
2499	2499	1068	2376	203	2498	2147	1871	2500	2505	359	2357	2385	2422	2322	863	1418	1787	1935
2505	2505	359	611	2499
2511	2511	2345	2141	2083	2418	2320
2517	2517	2533
2523	2523	2684
2529	2529	2294	2521
2535	2535	2176	1668
2541	2673	638	2541	686
2547	2547	2492
2553	2553	1875
2559	2559	51	1241	841	260	2076	1747
2565	2565	2157
2571	2571	1878	268	2496	613	2107
2577	1020	2577	2367	2180	2508	2342
2583	2583	2135	1423	2310	2333	378	1173	102
2589	2589	2424	344	2329
2595	2595	2562	1315	2452
2601	2601	2631
2607	1987	2607	2369	2074	2310
2613	2613	1756
2619	1774	2619	1968	328
2625	2625	2612
2631	2631	2601
2637	2637	2652
2643	2643	2470	2646
2649	2106	735	2436	2649	1956	249
2655	2655	1975
2661	2661	2375	2242	2506	2159	1910
2667	2667	2429	2504	2381	163	2295
2673	2673	1224	2541	163	995	638
2679	2679	99	2578
2685	2685	2053	2054
2691	2691	1751
2697	2697	1759	2698	2700	2288
2703	2703	1221	1409	2200
