1	1	344
7	7	258
13	13	482	1234	578
19	19	74	571
25	25	20	456	778	1181	1897
31	250	14	31	1116
37	37	563
43	43	747	576
49	49	581	643
55	1905	163	55	361	844	1832	1784
61	61	240
67	67	729
73	73	747
79	438	79	2207
85	552	465	565	85	425	294	2368
91	91	747	745
97	97	439
103	103	565	128	471	294	465
109	109	2054	2053	967	2315	955	535	640	171	459	635	672	1296	1074	1888	778	884	1661	488	507
115	138	115	1713	41	2421	904	2153
121	595	731	121	1990	1825
127	127	745	747	124	18	2228	122	2400
133	133	608	394	611
139	2361	139	188
145	145	2296	2280	2251	2248	1218	1646	2521	163	2286	390	1530	1224
151	151	360	1595	1528
157	2417	1340	371	916	78	740	1550	181	560	2095	2021	393	716	1375	1017	1289	2230	1718	2680	157	1452	1637	897	2019	2540	979	214	1075	1038	766
163	163	189	1379	1650	1218	2396	2563	1457	346	1691	689	1136	1971	2177	191	1225	2173	910	743	1498	982	2667	2604	530	2200	2554	1206	1127	2296	1205	2673	935	2265	606	1775	2518	1850	1807	1139	1696	1362	1030	1905	1070	402	1571	1404	1274	1611	266	940	1277	1060	1734	2295	309	546	1715	2521	1689	2363	2600	2196	174	1675	1286	813	145	800	1253	1590	1799	129	765	1099	1575	2286	1729	390	727	1334	1792	781	2451	602	1380	1717	2564	1890	942	141	2274	2077	55	1224	1872	2039	1544	1207	42	961	624	290	1573	1558	2232	2361	2659	744	1572	2316	1305	415	188	1536	219	2557	448	1110	1784	22	523	2202	395	1069	1515	1178	2175	1303	966	793	1130	1467	1219	757	1685	1159	658	1410	717	1728	380	714	2298	1831	1065	1098	563	2248	2251	1943	2280	1113	2638	856	2204	1530	237	2259	422	1257	1594	2116	1114	659	1333	1153	769	1106
169	169	570	212
175	175	747
181	518	662	181	76	157	766
187	187	462
193	519	420	10	192	238	280	2549	193	74
199	199	591	640
205	205	745	600	747	427
211	2076	325	211	1527	645
217	217	685	747	2355
223	223	430	686
229	229	747	477
235	235	747
241	241	763
247	247	1117	1261	500	2446	563	1973	2257	982
253	2670	253	15	1815
259	259	320	582	228
265	265	100	758
271	718	271	2056
277	277	567	483	294	552	523
283	283	2093	565	523	747
289	64	1278	1535	1534	1537	289	612	2568	1498
295	295	210	220	1316	471	82	1782	1012	197	565	2078
301	46	489	301	238
307	307	735	598
313	1642	534	801	1354	313	1377
319	319	29	1273
325	325	1201	211
331	331	774	179	101
337	337	363	77	346	143
343	1571	1274	343	530	1303	1523	1098	1577
349	349	747
355	745	2068	1094	355	576	1562	1093
361	361	55
367	367	565	440	552	483
373	652	373	86
379	756	379	176
385	565	385	567
391	391	230	142	1283	427	438
397	397	747	659	2346
403	403	2104	2309	2302	402
409	409	1298	1606	2582	753
415	188	712	1790	209	1836	1737	1832	523	415	2353	789	163	995	2664	2103
421	421	255
427	427	2024	477	353	561	696	658	946	1999	205	916	954	2448	584	1975	406	461	1488	698	1760	1405	1399	1340	1577	2683	1103	250	2383	1811	201	2255	2437	304	146	2306	2574	1547	2258	2044	665	823	1037	1274	391	312	1766	18	2388	1914	610	350	587	1318	526	230	674	2412	202	493	1283	494	1284	2658	2453	2295	399
433	433	184	432	158	428
439	439	97	420	388	192
445	445	690	318
451	2666	552	451	2537
457	457	649	166
463	3	333	564	463	477	483
469	469	214	160	78
475	475	168
481	481	9
487	538	487	291
493	493	427
499	499	250	1287	1288
505	74	505	134
511	511	611	74
517	517	164	2509	1198	1170
523	523	277	551	2480	465	717	1790	415	508	1676	565	2600	1616	2551	2442	283	188	2408	870	54	2642	163	1931	1921	478	961	882	1214	540	910	1687
529	709	529	340	341
535	535	761	109	1560	672
541	541	183	454	1123	539
547	547	430	74
553	553	2459	123
559	559	34	552	1378	167	1816	2341
565	565	2672	554	910	842	773	385	306	410	1616	1316	2485	1012	2118	1782	103	1213	502	1529	548	882	92	1741	1585	82	644	477	2	239	465	294	1376	118	671	57	1727	1790	1957	621	34	478	492	1438	566	1401	128	295	425	1540	1373	1440	2442	1546	283	85	523	1859	738	60	2472	2642	1378	173	1676	333	244	305	1975	2027	691	367	633	466	564	2480	575	2629	2628	601
571	571	424	2495	1762	2331	19	2694
577	577	2034	1532	389	1502	312	2660	401	2492	250
583	583	2371	643	284	64	1126	2568	2398	1278	50	1214
589	589	282	1509	592
595	595	233	121
601	3	1741	565	601	552	611
607	821	607	1055	438	1306
613	613	232	2496	14	2107	616	2571	268
619	619	260
625	625	700	659
631	631	1562	1057	383
637	515	637	623
643	643	150	50	1121	583	1904	49	2489	222
649	649	479	752	2403	166	2560	2294	1643	96	2581	2123	457
655	655	747	198
661	661	76	1191	71	74
667	1928	1356	2270	2570	867	2227	667	480	2072	257	1974
673	673	194
679	679	30	32
685	685	747	217
691	1557	1649	552	691	2658	565
697	697	642
703	703	747	2233
709	709	529	340	341
715	715	84
721	721	188
727	727	1799	1016	163	1136
733	733	566
739	739	63
745	1884	561	745	2336	205	355	124	1704	2437	18	477	962	666	1763	127	2162	386	91	1756	1932	600	458	687	2325	771	2165	1886	36	110	1885	1700	72	1157	1564
751	751	435	8	544	258	14
757	757	219	846	2058	188	755	163	1965
763	763	747	1879	2355	241
769	769	163	764
775	775	162	1459	875
781	781	1533	1184	163	846
787	787	1437	1288	74	1287
793	793	1467	1333	262	1249	1715	1455	1691	1734	1334	943	1110	1127	1330	1139	1694	959	1070	1205	1069	42	856	1380	163
799	799	1706	1699	1122	2656
805	805	930	990
811	1253	910	811	1140
817	1367	819	818	817	1125	1212
823	823	227	427	142	1283
829	829	962	1252	820
835	835	1248	688
841	841	1240	2559
847	847	1468	1402	710	1032	848	967
853	853	2423	1019	1053	1732
859	859	1198
865	1505	251	865	795	2560	932
871	871	74	1591
877	1651	1578	1569	877	1010
883	883	1665	1210
889	889	892	1713	2153	41	904
895	895	1436
901	901	1554	1497	1553
907	907	1252
913	913	827	909
919	908	809	919	1129
925	925	1532
931	1000	1053	931	1463	1484	70
937	937	426	1234
943	943	1466	728	1646	1016	793
949	1608	1512	949	74
955	955	1280	109	560
961	1515	961	163	523
967	1032	322	689	967	848	57	1400	847	1561	109	306	1394	56	957
973	973	993	802
979	979	68	1825	1845	879	766	157
985	1102	985	159	2038	2066
991	991	858	1368	318	1084
997	997	1271
1003	2182	1897	1469	791	672	2028	1004	2483	1003	1343	786	2146	1364
1009	934	1009	1079	2175
1015	1015	1338	852	996
1021	1021	1464
1027	1027	56	1322	1336	638	322	378	1388
1033	1033	1174
1039	1039	1354
1045	1045	471	1540
1051	1051	1052	2576
1057	1307	1359	631	1057	1484	627
1063	1063	1065	1628	1136	1153
1069	1069	793	422	1096	1685	163	1455
1075	1075	157	1340
1081	1082	1259	1081	521
1087	1087	1512
1093	1093	2228	355	2085	122	1659
1099	1099	163	1178
1105	1105	798	591	1026	2356
1111	1111	1570	1339	1101	1328	1412	258	2292
1117	1117	1603	1261	2332	1225	562	910	1114	247	2089	1588
1123	1123	1674	1354	1680	541	539	1176	1188	75	1483
1129	1129	809	1190	1222	814	919	26	1080
1135	1135	1444	1174	1442
1141	1141	1172	1240	1241
1147	1147	1347	161	1240	772	1241
1153	1153	1070	1257	1675	1063	163	1455	1205	1204	1611	942	1127	856	1410	1077	1219	1065	1113
1159	1159	1485	163	2564
1165	1165	430	1327
1171	1171	1050
1177	1177	1519	1180	1620	1627
1183	1183	1202	562	1193	738
1189	1189	1687	638	1643
1195	1195	1323	1203	1630
1201	1201	1240	325
1207	900	378	163	1207	1333	430
1213	1213	738	565	1649
1219	1219	163	1153
1225	1225	1333	163	1117
1231	1231	1495	1232	1230	995	1178	2086	854	956	1985
1237	1237	1521	1457	1422	1484	826
1243	1243	1245	570	1524
1249	1249	1474	1054	1734	1408	793	1728	1473
1255	1255	95	358	99	894
1261	1117	2089	1261	1114	247
1267	1500	1335	1267	1512	344
1273	1273	1422	319	569	826	686
1279	1279	1065
1285	1285	405	1176	1298	770	1382	968
1291	1291	1548
1297	1297	1174
1303	1303	2202	2347	163	1274	343
1309	1309	924	1186	1132
1315	1315	2595	668	2452	611	1079
1321	1321	1190	1041	297	1222	814	1080
1327	1327	1165	638	1569
1333	1333	1467	1708	578	1224	1207	1136	163	793	1369	1514	1225
1339	1339	2677	1678	2443	434	1335	1111	1570
1345	1345	1640	1047	1344	1046
1351	900	1351	1498
1357	1461	1357	1511
1363	1363	672	2168	640	1343	786	1364	2475	2653
1369	1369	1333
1375	560	1375	1452	157
1381	1524	570	1381	576
1387	1387	1239
1393	1393	905	1128	1502	976	1397	1414	1097	1437
1399	1399	427	1463
1405	1405	427	1463
1411	1411	2203	1203	881
1417	1417	1421
1423	1423	1328	2583
1429	1429	675	1208	1601
1435	1435	1043	1028	1042
1441	1441	941	1638	1717
1447	1447	1515	566	1581
1453	1210	539	1453	1152
1459	1459	775	1540	2404	1687	2078	633	2221	45	749	57	210	804	1137	671	167	473	566
1465	1465	1354
1471	1471	1282	1281	693	447	1501	1633
1477	1477	1252
1483	1483	1123	857	1498	2052	1125	2060
1489	1489	177	837
1495	1495	995	1231
1501	1501	693	447	1471
1507	1507	1108	1506	1503	1308	1504
1513	1513	785	862	1812	1328	634
1519	1519	963	1177
1525	1276	1415	1506	1503	1525	1504
1531	1154	983	66	1531	887
1537	629	1535	289	1556	1537	1348
1543	1543	1527	1324
1549	1549	339	1602
1555	1555	558	1158	1550
1561	1561	967
1567	1567	1358	1124	1566
1573	1481	764	1573	910	163	1432	2174	1673	636
1579	1579	1103
1585	804	565	1585	738
1591	1591	1050	1701	871	33	36	954
1597	1148	1138	1597	1534	486
1603	1603	1117	1114	2089
1609	1609	1569
1615	1615	1639	809	1229
1621	1621	1448	300	594	824	1194	752
1627	1177	344	1627	479
1633	1633	1471
1639	1639	809	1615
1645	1645	204	477	797
1651	1651	1578	1061	877	1010
1657	1657	1307	1595	1462	1422
1663	1663	1266	1756	2504
1669	1669	1236
1675	1675	163	1153
1681	1681	1682
1687	1557	148	1137	1189	773	523	1687	1228	1632	1649	1459	898	54	870
1693	1693	1228
1699	1699	799	1215	2656
1705	1469	1364	1705	2356	459
1711	1581	1711	1515
1717	941	1380	1717	163	1441
1723	1723	1619	1722
1729	1729	1110	163	1016
1735	1735	1002	1626	983
1741	1841	738	601	1741	565	492
1747	1747	2434	1527	1324	2559	2160	1326	419
1753	1753	2268
1759	2288	1759	2697	2698
1765	1765	1938	1770
1771	1771	1872	1775	1696
1777	1777	2064	1802
1783	1783	48	2348
1789	1789	2469
1795	1795	1788	2181	2545	1775	2178	2082	1793	1794
1801	1821	1814	1801	576	1067
1807	1807	163	2490
1813	1813	1818	2393	503
1819	1819	1781	2580	224
1825	979	1966	1825	978	68	121
1831	1831	1836	163	1832
1837	1837	382	2132
1843	1843	2626
1849	1849	2163
1855	1855	2075	1854	75	2122	2482	1864	2299
1861	1861	1853
1867	1867	1754	1718
1873	1873	1998
1879	763	1879	2355	1760
1885	1885	1902	1886	745	1884
1891	1891	58	1149	411	1875	1774	206	200
1897	1897	1003	640	732	25	2146	2182
1903	1903	2612
1909	1582	632	2677	1909	1545
1915	1915	2497	1981
1921	1921	1408	2402	523	1931
1927	1927	1847	2537	1846
1933	1933	36	2660	748
1939	1939	2307
1945	1993	1945	342	729
1951	1951	2303
1957	1957	565	2536
1963	1963	286	378	2195
1969	1969	2200	2051	2309	2363
1975	1975	2689	2655	2408	427	565
1981	1981	1915	2491
1987	1987	2607
1993	1993	2546	276	1945	342	729
1999	1999	2003	427	2515
2005	2005	2345
2011	2011	2182	2633	1835
2017	2017	1582	2677	1479
2023	2023	2135
2029	1818	2029	1952	2393	503
2035	2035	2303	1084	858
2041	2041	1744
2047	2047	2111
2053	2053	2690	488	109	2685	2054
2059	2059	453	2651
2065	1985	2065	2086
2071	2071	1809
2077	2077	743	744	163	2030
2083	2083	299	2511	1827
2089	2089	1117	1965	1603	1261	357	714	1530
2095	2095	2056	157	2230
2101	2101	2470
2107	2107	2496	2571	2046	2574	1953	1865	613
2113	2113	2586	2623
2119	2119	2154
2125	2125	2116
2131	2131	2030	1892	2319
2137	431	2137	2508	430
2143	2143	2181
2149	2149	2194	2190	1955	2188
2155	2155	591	2467
2161	2161	1326	2167
2167	2167	2161	2088	772	2166
2173	2173	163	2204	846	636
2179	2179	321	2183	2150
2185	2185	2109
2191	2191	2275	362
2197	2197	430	2342
2203	2203	1411	2405	881	2397
2209	2209	2689
2215	2215	2650	344	2057	675	1877	551
2221	2221	1757	1527	2404	1459	566
2227	2227	1923	2390	667	1974	2072
2233	2233	636	703	2201
2239	2239	587	2414	1366	2507	2513	2413
2245	2245	2471	87	2243
2251	2251	2296	163	145
2257	1768	2257	1767	247	22	2444
2263	2263	2247	2701
2269	2269	2277
2275	2275	1120	2191	2268	2522	2445
2281	2281	2429	1134
2287	560	2287	2315
2293	2293	1937
2299	2299	1855	75	1854
2305	2305	321	2183	2150
2311	2311	2285	161	2448
2317	2624	2317	2429	1353
2323	2323	1268	492	788	2419
2329	1290	672	1918	2329	1428	2080	2589
2335	2335	74	2378
2341	2341	1172	559	2425	623	1757	788	1842
2347	2347	2265	1303	2254
2353	2353	415	2334
2359	66	2359	2520
2365	2668	2189	2365	2190
2371	2371	1126	583	2489
2377	2377	491	2025	468
2383	2383	427	1820
2389	2389	345	2421
2395	2395	2665
2401	2401	1988
2407	2407	2704	1631
2413	2413	2373	2239	1366	668	1718
2419	2419	1268	2323	492
2425	788	2425	423	2341	2474	62
2431	2431	1919	2591	426	2426
2437	2437	2433	427	745
2443	1339	2443	2338	2343
2449	2449	2450	1881	2158
2455	2354	456	2455	453
2461	2461	1078	2492	1076
2467	2467	323	2155	2468
2473	2551	551	434	2473	1192
2479	2479	2128	2319
2485	2485	173	566	565	2480	1378	749	575	1816
2491	2491	1981
2497	2497	1915
2503	2503	2358
2509	2509	2618	1962	517
2515	2515	1999	2003
2521	145	2521	2164	163	2529
2527	1961	1956	2527	735	2100
2533	2533	2517
2539	2539	2213	1322	1428
2545	2545	1794	1773	1795	2082	2178
2551	2551	523	2473
2557	1947	686	2557	163	430
2563	2396	219	163	2563	1583	2220
2569	2569	1820
2575	2388	2575	1910	2366	2506
2581	2581	649	2403
2587	2587	2312
2593	2593	430	634	2342
2599	2599	2162
2605	2502	951	986	2605	1401
2611	2611	1763	2606
2617	2617	2091	1428	1275	344	228
2623	2623	2113
2629	2629	2628	738	565	2536
2635	2635	136	2231
2641	2641	380	1745
2647	2658	2647	2430
2653	2653	672	456	2028	1363
2659	2659	2316	743	163	2030
2665	2665	2395
2671	2671	1815
2677	2677	2017	1909	1582	2338	1339
2683	2683	668	687	427	2044
2689	2689	1975	2209
2695	2696	2057	2695	2198
2701	2701	2247	2263
2707	2707	774	2344	1389
