0	0	14	435	8	258	544
6	6	251	490
12	12	84	155
18	18	127	427	1932	747	866	745	890
24	39	24	269
30	30	2276	285	1148	679	231
36	1701	1933	1066	745	1591	2390	2072	36	257	1974
42	42	189	188	163	793
48	725	48	2456	1783	2682
54	615	2334	54	712	523	1687
60	60	252	565	552	688	562
66	69	1531	215	2294	66	288	2310	1698	2157	2359	183	149	1248	2441	2122	34	2520
72	72	202	771	747	745
78	560	2681	766	157	78	469	214
84	1550	1347	950	27	155	84	1240	1803	715	347	1241	998	12
90	90	680
96	2061	478	438	96	649
102	102	2583	1964	2012	1893	404	1895	1824	2333
108	108	250	1288	898	107	498	304
114	114	171
120	188	1959	2175	120	1184
126	126	94	2208
132	132	346
138	138	1716	137	748	892	416	115	1713
144	144	2102	188	444
150	150	50	643
156	156	314	431	521	236
162	162	173	775
168	168	2604	1728	475	1756
174	2409	174	503	163	501
180	180	350	143
186	186	566	747	588	294
192	192	439	519	10	420	280	705	510	193
198	198	747	655
204	204	741	747	1811	2650	202	274	597	1645	2410
210	1459	738	552	210	295	148	63	644
216	216	735	196
222	222	581	643
228	228	52	1692	259	323	2465	119	2617	900
234	234	747	15
240	240	2652	61	2308
246	246	560
252	688	562	60	74	252	294
258	435	258	751	1111	14	8	400	7	0	544	1031	268
264	638	264	635
270	270	339	276	467	495	342	573
276	342	467	2546	276	1993	270	2115
282	282	589	592
288	288	75	1377	2380	2037	66	2157
294	294	277	153	128	565	483	466	2476	633	566	85	1438	554	665	588	477	699	465	1353	502	21	191	564	638	83	103	186	2430	173	636	1672	807	252
300	300	1621	593
306	306	554	57	967	552	565	1376
312	312	577	772	427	645
318	318	1644	1173	2427	445	991	426	2310	686	2333
324	324	332	326	62	278	327	389	185
330	330	354	731	747	359	576
336	336	747
342	2016	342	495	776	339	2546	467	1945	1800	729	270	1993	276
348	348	1244	1596	638	344
354	354	839	576	1520	1072	330
360	360	698	151
366	364	366	590
372	372	38	273
378	378	1539	1678	1061	1027	2291	2042	2195	2012	2447	227	960	2290	218	286	1963	335	1644	396	692	2583	178	585	1290	1207	1238	1275
384	384	14
390	163	390	145
396	396	378	478
402	402	538	219	681	163	403
408	408	630
414	414	1174	1877	908	1442	1445	440
420	420	2214	10	192	193	2590	519	439
426	1528	2431	1275	937	1061	1486	426	2126	318	335	29	1576	2369	836	303	1187
432	432	184	598	428	302	433	165
438	391	438	710	296	79	96	692	607	616	21	720	550	227
444	444	144	753
450	450	646	954	2558
456	672	549	456	1748	1560	25	569	2099	1296	2455	2653
462	462	2582	1644	187
468	468	491	2377	1713	182	896
474	474	635	698
480	480	257	2570	2270	667
486	2276	486	231	1148	1597	285	64	1278	284
492	492	2419	213	1741	565	490	45	2323	734	1186
498	498	108	250	107
504	504	702
510	510	356	2223	519	192
516	516	272
522	522	68	525
528	528	678
534	534	313
540	1640	540	1121	603	523	543
546	546	163
552	277	306	370	601	298	554	173	210	691	653	374	636	472	239	2	311	548	16	220	738	749	412	671	644	723	57	575	559	85	451	688	466	305	621	552	473	455	60	483	167	92	446	367
558	2034	1641	905	558	1816	1532	376	1555	2660	1934	557	423	2463	1137
564	564	738	565	1841	294	463
570	570	1520	1067	1258	1381	1245	212	1243	59	1200	2026	1246	1524	1709	576	872	169	1922	1814	874
576	43	1067	1245	355	59	2552	1814	834	839	1801	1258	731	2026	605	1200	1932	1710	212	1381	863	1526	293	330	576	354	1524	1014	570	1922	874	726
582	582	818	1498	1792	259
588	186	699	566	747	588	294
594	594	593	1122	1194	1621
600	1052	205	600	747	745
606	606	163	537
612	1348	612	1046	629	2568	289
618	638	618	478
624	624	700	112	163	11	572	659
630	630	447	408
636	636	2687	1573	2233	2204	2174	294	552	764	118	2027	2173	2672
642	642	484	697
648	648	693
654	654	135	1260
660	660	635
666	666	745
672	130	574	2360	456	1343	1003	672	2004	1386	1460	535	1363	549	2696	109	2329	1293	2040	1004	2653	924	591
678	678	528
684	684	779	161	525	1425	1550
690	690	445	2457
696	696	1672	579	215	747	427
702	702	504
708	708	250	14	1116
714	163	1218	714	833	2089	1035	1299
720	720	438
726	726	576	1068	1418
732	732	20	1897	640	267
738	2629	575	564	621	1183	2628	1727	738	1741	552	565	1585	1376	210	1213
744	744	2030	163	65	2077	743	2316
750	750	244
756	756	379	176
762	762	88
768	768	772
774	774	2707	331	1493
780	780	1139	1598
786	791	1004	1363	786	1003
792	792	1095	798
798	798	1105	792	1433	507	1095
804	804	1664	1585	1459	1697
810	810	1287	1718
816	816	1203	881
822	822	1484	1644
828	828	1457	1422
834	834	1821	1814	1520	576	1067
840	840	1196
846	846	781	219	2173	1533	2204	757
852	852	1654	1015
858	858	2303	1084	2035	566	991	281	2556
864	864	611	1079
870	870	523	1687
876	876	1025	1269	1006	453
882	882	1529	1316	1378	1616	523	565	575	1012
888	888	41	1731	896
894	894	1255
900	1207	1583	1533	1351	900	228
906	906	1019	74	1860
912	1149	1240	912	1150	1241
918	918	1252
924	1460	1539	1480	924	672	1309
930	930	805	1254	1062
936	936	1515
942	942	163	1153
948	948	1446	1281	1282
954	969	954	450	1591	427	1461
960	960	1301	378	1292
966	966	1481	902	1140	1673	163	964	965	910	1131
972	972	953
978	978	1825	1593	1954	664
984	984	1048
990	805	58	990	1774
996	996	161	1015
1002	1002	983	1735
1008	1008	1486	1569	1011
1014	1014	1056	1091	576	676
1020	1020	1328	1322	1329	430	1337	2577
1026	1026	1433	1105
1032	967	848	847	1335	1032	591
1038	1038	157	916	1196
1044	1044	814	1341	809	1365	812
1050	1306	1389	1591	1171	1050	1492	1499
1056	1056	1014	476	676
1062	1254	930	1323	1062	2651
1068	1068	726	989	359	2499	2500
1074	1074	1174	109
1080	1080	814	1129	1321	809	812
1086	1078	1527	1240	1086	1545	1076	1582	1641
1092	569	1092	1484
1098	1098	1305	163	1911	343
1104	1104	1260	1262
1110	1110	1729	1728	793	163	1016
1116	1116	31	736	708	611	1593
1122	1534	1194	1122	799	578	594	717
1128	1128	76	1393	1288
1134	1134	1264	2281
1140	1140	1311	2294	910	966	965	811	964	981
1146	1146	1676	820
1152	1152	1453
1158	1158	1550	1555
1164	1164	1584	1626	1570
1170	1170	1198	517
1176	1176	1123	1285	1592	1354	2272	254
1182	1073	1010	1569	1182	1726	1684	1578
1188	1188	1123	1354
1194	594	1122	1194	1621
1200	1520	1200	570	576
1206	789	1206	163	1544
1212	1212	1552	1126	580	818	1497	817	819
1218	1218	1516	1670	1530	833	714	145	163	1035	1424	1571	1299
1224	1224	2673	145	163	1333
1230	1230	2470	1231	1178	2598	995
1236	1669	1236	382	296	1227	861
1242	1242	939
1248	66	1248	688	835
1254	1062	930	1254	1464
1260	1260	1269	344	1312	654	2090	1104
1266	1663	1266	1301	1576	836
1272	1272	1451	1346	1281	1604	1282
1278	1278	486	1534	289	583
1284	430	427	1169	1283	1055	1284	230
1290	1290	1019	1238	1918	218	1712	2329	429	378	2080	2169	1191	1197	1226	893	1025	1644	423
1296	1296	1198	456	109
1302	1302	983
1308	1507	1506	1503	1308	1504
1314	1314	1529
1320	1320	1300	359	808
1326	1326	248	1747	105	2434	2161	971	2144	1602	776	419
1332	1332	1167
1338	1338	855	1654	1015	917	784
1344	1344	1046	1047	1138	1345	1121
1350	1350	1151
1356	1356	667	1430
1362	1362	1184	2175	163	1178
1368	1368	991	454
1374	1374	869	1548
1380	1113	1380	1611	1717	163	793
1386	2360	1386	1715	672
1392	1392	1299
1398	1398	1383
1404	1404	755	1143	163	219
1410	1410	163	1153
1416	1416	922	923
1422	1422	1237	828	826	550	1657	1223	1273
1428	1428	2329	2493	2539	2079	1622	2617	2424	2229	1601	1312
1434	1434	1208
1440	1378	1440	82	565
1446	1446	1282	948
1452	560	1289	1452	157	1375
1458	1458	1714	838
1464	200	1021	1464	1100	1254	1470
1470	1470	411	1464	1037
1476	1476	1178	1277
1482	1482	1484
1488	1488	611	427	1668	206	980	1490
1494	1494	1282
1500	1500	1238	1267	1484	2180
1506	1506	1308	1276	1108	1507	1415	1504	1525
1512	1112	1608	1267	1335	1671	999	1235	949	1512	1087	1463
1518	1518	1536
1524	1524	576	1245	1381	570	1520	1526	1243
1530	1530	1218	145	163	1424	2089
1536	1536	2504	1518	1728	163	207
1542	1542	801
1548	1548	1374	76	1291
1554	1554	1553	951	1552	901	1401
1560	456	1560	1161	791	2198	535
1566	1567	1566	453	1124
1572	1572	1598	163	1139
1578	1578	1622	1061	1010	877	1651	1182
1584	2037	1328	1584	1164	2151	1626
1590	1590	965	163	910
1596	1596	314	1244	348
1602	1602	971	1549	339	1326
1608	1608	949	431	1512	987	1220	2225
1614	1614	1613	1619
1620	1620	1177	1180
1626	1735	1698	1626	1164	1584	1407
1632	1632	1687	471	68
1638	1638	1441
1644	1644	1290	318	1601	1863	1862	462	2423	1964	2484	1328	2364	378	822	1732	701	1256	322	2616	2409	986	2614
1650	1650	163	1466
1656	1656	731	2357	1710	527	1822
1662	1662	1036
1668	2535	1488	1910	1668	611	2378
1674	1674	1680	1354	1123
1680	1680	1123	1354	1674
1686	1686	837	2426	2282
1692	1692	228	1484	70
1698	1698	1626	2597	686	66	430
1704	1157	1704	745	687
1710	1450	1710	576	1656
1716	1716	892	1713	2153	1982	138	1991	41
1722	1722	1723	99	1619
1728	1728	1775	1249	1110	1474	163	129	1536	168
1734	1734	1715	793	163	1249	1592
1740	1740	1136	1305
1746	1746	1948
1752	1752	2706
1758	1758	2412
1764	1764	1938	1770
1770	1765	1770	1938	1764
1776	1776	1595	136	2543
1782	1782	2328	134	295	565	566
1788	1788	1795	2178	2181
1794	1794	1795	2545	2178
1800	1800	1995	2016	1994	342	1907	1901
1806	1806	2570	2279
1812	1812	785	862	1513	1407	1155	2364	783
1818	1818	2029	2073	1813
1824	2675	1824	2006	102	1595
1830	1830	2585	2466
1836	1832	1831	1836	415	2334
1842	1757	2341	1842	1268
1848	1848	2483
1854	1854	1864	1855	2482	2122	75	2048	2645	1976	2299
1860	1860	906	548	683	2658	2428	2430
1866	1866	2272
1872	1872	1771	1696	163	1257
1878	2624	1878	2571
1884	1884	1885	1902	745	1886
1890	1890	2039	163	1060
1896	1851	1896	496	2393
1902	1902	1887	1886	1884	1885
1908	1908	1582	442	2514	1647	1893	1838	2561
1914	1914	427	2176
1920	1920	1874
1926	1926	748	1941
1932	1932	18	1912	2024	576	745
1938	1938	1770	1764	1765
1944	1259	1944	2091
1950	1950	2220	2226
1956	735	2527	1956	2649
1962	1962	2509	1827	574
1968	1968	2619	527	1774
1974	1974	667	2227	36
1980	1980	262	2202	2457	758
1986	1986	2462	1329	569	70	2338
1992	1992	2153	1713
1998	1998	1873
2004	2004	2040	2360	672
2010	2010	2447
2016	2016	342	1800	467
2022	2022	2008	2153	2219
2028	2028	1003	2653	308
2034	2034	2015	2327	577	453	558
2040	2040	2360	2004	672	574	1006	1924
2046	616	2107	2046	268
2052	2052	2062	1483
2058	2058	757	755	2232
2064	2064	1777	1802
2070	2070	2602	2640
2076	1324	211	1527	2076	2559	772
2082	2082	1795	1775	2545	1793	2178
2088	2524	2167	2088	1527	2525	248	776
2094	2094	2164
2100	2100	2527	1961
2106	2106	2649	1750	735
2112	2112	2572	365
2118	2118	565	2442
2124	2114	74	2124	1928
2130	2130	2030
2136	2136	2148
2142	2142	2096
2148	2148	2136
2154	2154	2119
2160	2434	2160	1747
2166	260	1527	2166	772	2524	2167	971	776
2172	2172	159	2692	136
2178	2178	1794	2181	2545	1788	1795	2582	2082	1793
2184	2184	2398
2190	2190	1955	2189	2188	2149	2365	2194
2196	2196	2267	938	163	380
2202	2202	1303	1571	163	2638	1980
2208	1761	2208	2313	126	2234	2235
2214	2214	420	2223
2220	2220	129	1950	290	2252	1940	2139	2226	2600	1958	1409	2478	2563
2226	1958	1950	2139	2220	2226	2478
2232	2232	2058	163	411
2238	2238	2271
2244	2244	2243
2250	2250	2271	1940	2175	1696
2256	2256	2597
2262	2435	2236	2262	2542
2268	1753	2445	2268	2275
2274	2274	163	2237
2280	2286	163	2280	145
2286	2286	163	2280	145
2292	2292	1899	1111	2140
2298	2298	163	2518
2304	2304	2297	908
2310	2607	318	66	2310	2583
2316	743	2316	2659	744	163	2030
2322	2322	359	2500	2498	2499
2328	2328	1782
2334	2334	1790	209	1836	602	2353	1588	2103	2332	54	1917	1832
2340	2340	611	1935
2346	2346	1301	1595	397	1967
2352	2352	611	2055
2358	2358	2503
2364	2364	862	1644	1812
2370	2370	2321
2376	2376	359	2422	2499	2500
2382	2382	2013
2388	2388	427	2575
2394	2394	2427
2400	2400	127	122	1916	124
2406	2406	2078
2412	2412	427	1758	2255
2418	2418	2345	2511	2141
2424	2424	1428	2589
2430	2430	2647	1860	682	294
2436	2436	2649
2442	2442	2118	929	565	523	71
2448	2448	519	2311	427	2526
2454	2454	1342	881	2129	1058
2460	2460	2384
2466	2466	831	2240	1830
2472	2472	565	2476
2478	2220	2478	2226
2484	2616	2614	2484	986	1644
2490	2490	1807
2496	2496	613	2107	2571
2502	2605	2502	717
2508	322	2508	632	2137	1235	2577
2514	2514	2558	1838	1908	485	2380
2520	66	2520	2359
2526	2526	2448
2532	2532	518	2417	76	766
2538	2538	2325
2544	2544	2568
2550	2550	2045
2556	2556	1904	858
2562	2562	2595	1366	668
2568	2568	717	2544	612	289	583
2574	2574	427	2107
2580	2580	1819	136	52	1823
2586	2586	2486	2113	1889	2162	1647
2592	2592	99	1852
2598	2598	956	854	1631	1232	2330	1230
2604	2330	163	2604	1631	168
2610	2610	2337
2616	2616	2614	2484	986	1644
2622	2622	2033
2628	2629	565	2628	738
2634	2634	1876	1197
2640	2640	2070
2646	2646	2470	2643
2652	2652	240	2637	2308
2658	2658	843	477	427	566	1860	2647	1559	691
2664	2664	189	2102	415	712
2670	2670	253	489	1815
2676	2385	2676	611	1787
2682	2682	48	2348
2688	2688	1839	2216	1840	1784
2694	2694	2331	1762	571	2495
2700	2700	2697	2698
2706	1046	1640	1752	2706	1138
