0	0	14	435	8	258	544
3	3	601	197	463
6	6	251	490
9	9	481	761	453	308
12	12	84	155
15	80	538	129	701	15	253	234	322	254	152	399
18	18	127	427	1932	747	866	745	890
21	1378	438	21	567	294
24	39	24	269
27	27	84	532
30	30	2276	285	1148	679	231
33	1701	33	250	1591
36	1701	1933	1066	745	1591	2390	2072	36	257	1974
39	39	24	82
42	42	189	188	163	793
45	492	45	220	1459	490
48	725	48	2456	1783	2682
51	51	772	645	2559
54	615	2334	54	712	523	1687
57	57	967	306	565	552	1459
60	60	252	565	552	688	562
63	63	210	739	153	1546
66	69	1531	215	2294	66	288	2310	1698	2157	2359	183	149	1248	2441	2122	34	2520
69	69	66
72	72	202	771	747	745
75	75	1354	2122	288	2299	1123	1854	1855
78	560	2681	766	157	78	469	214
81	81	647
84	1550	1347	950	27	155	84	1240	1803	715	347	1241	998	12
87	87	2021	719	2245	383	47
90	90	680
93	93	759	725
96	2061	478	438	96	649
99	99	1255	2679	1722	1619	1852	1803	1613	759	2578	2592
102	102	2583	1964	2012	1893	404	1895	1824	2333
105	105	248	1326	2434
108	108	250	1288	898	107	498	304
111	111	350
114	114	171
117	117	452	155	345	513
120	188	1959	2175	120	1184
123	123	553
126	126	94	2208
129	1204	22	1728	538	2451	2165	129	2220	163	2193	2363	15	1409	2446	188	1973
132	132	346
135	135	418	654
138	138	1716	137	748	892	416	115	1713
141	188	163	141	1184
144	144	2102	188	444
147	147	479
150	150	50	643
153	153	747	63	294
156	156	314	431	521	236
159	159	2172	2543	136	2066	2674	985
162	162	173	775
165	165	432
168	168	2604	1728	475	1756
171	171	109	114
174	2409	174	503	163	501
177	177	1959	635	911	1489	430	885	2192	965
180	180	350	143
183	183	541	454	66	539
186	186	566	747	588	294
189	189	188	2664	42	163	2102	395
192	192	439	519	10	420	280	705	510	193
195	195	196	735	707
198	198	747	655
201	201	1990	427	350	1718	143
204	204	741	747	1811	2650	202	274	597	1645	2410
207	207	1536	1676	747	688
210	1459	738	552	210	295	148	63	644
213	213	734	490	492
216	216	735	196
219	219	712	757	563	1689	402	1404	163	1325	38	1738	846	2563
222	222	581	643
225	225	88	686	2428
228	228	52	1692	259	323	2465	119	2617	900
231	231	30	486	285
234	234	747	15
237	237	1060	163	329
240	240	2652	61	2308
243	243	53	728	357
246	246	560
249	249	652	2649	86
252	688	562	60	74	252	294
255	255	421	767	569	70
258	435	258	751	1111	14	8	400	7	0	544	1031	268
261	261	345	626
264	638	264	635
267	267	20	334	459	732
270	270	339	276	467	495	342	573
273	273	38	372
276	342	467	2546	276	1993	270	2115
279	279	464
282	282	589	592
285	285	30	486	1148	231
288	288	75	1377	2380	2037	66	2157
291	291	487
294	294	277	153	128	565	483	466	2476	633	566	85	1438	554	665	588	477	699	465	1353	502	21	191	564	638	83	103	186	2430	173	636	1672	807	252
297	297	441	809	1321
300	300	1621	593
303	303	478	426	2091	1174
306	306	554	57	967	552	565	1376
309	309	163
312	312	577	772	427	645
315	315	747
318	318	1644	1173	2427	445	991	426	2310	686	2333
321	2305	2179	1192	321	566	1954
324	324	332	326	62	278	327	389	185
327	327	1532	945	1899	324	326
330	330	354	731	747	359	576
333	333	566	463	477	565
336	336	747
339	339	495	342	1602	1549	270
342	2016	342	495	776	339	2546	467	1945	1800	729	270	1993	276
345	622	2421	76	2389	117	345	2266	1924	261	74
348	348	1244	1596	638	344
351	351	350	730
354	354	839	576	1520	1072	330
357	357	1563	2089	537	243	803
360	360	698	151
363	363	337	143	346
366	364	366	590
369	369	747
372	372	38	273
375	375	836	1576	638	635
378	378	1539	1678	1061	1027	2291	2042	2195	2012	2447	227	960	2290	218	286	1963	335	1644	396	692	2583	178	585	1290	1207	1238	1275
381	635	686	381	430	2342
384	384	14
387	387	293
390	163	390	145
393	393	157	14
396	396	378	478
399	15	1251	399	427	1250
402	402	538	219	681	163	403
405	405	1592	753	1285
408	408	630
411	411	2232	1600	512	1891	2594	536	1470	2582
414	414	1174	1877	908	1442	1445	440
417	317	417	508
420	420	2214	10	192	193	2590	519	439
423	558	423	1290	557	1934	62	2425
426	1528	2431	1275	937	1061	1486	426	2126	318	335	29	1576	2369	836	303	1187
429	29	429	1290	1514
432	432	184	598	428	302	433	165
435	751	435	8	258	14	0
438	391	438	710	296	79	96	692	607	616	21	720	550	227
441	441	638	297
444	444	144	753
447	447	1471	630	1501
450	450	646	954	2558
453	1124	549	876	1269	2618	2059	1566	706	453	9	2034	591	1712	2156	2354	2099	2455	1025	2098	1358	2092	1449	1661	514
456	672	549	456	1748	1560	25	569	2099	1296	2455	2653
459	459	109	130	1705	640	267
462	462	2582	1644	187
465	465	466	85	566	2368	294	523	103	2672	118	565	2027
468	468	491	2377	1713	182	896
471	471	621	1045	2	103	1632	295	1859
474	474	635	698
477	477	745	333	427	2658	1645	566	294	1766	565	463	2409	229
480	480	257	2570	2270	667
483	483	566	277	294	749	552	650	463	933	367
486	2276	486	231	1148	1597	285	64	1278	284
489	2670	747	238	489	1815	301	46
492	492	2419	213	1741	565	490	45	2323	734	1186
495	270	342	495	467	339
498	498	108	250	107
501	501	663	503	496	174
504	504	702
507	507	2548	549	2427	1888	109	2391	798
510	510	356	2223	519	192
513	513	155	117	452
516	516	272
519	519	192	193	2590	2549	2223	2608	420	10	190	280	705	2448	510
522	522	68	525
525	525	1427	522	1425	1419	684
528	528	678
531	531	1490	2187	693
534	534	313
537	537	1204	357	606
540	1640	540	1121	603	523	543
543	543	540
546	546	163
549	549	672	488	574	591	287	640	453	507	456
552	277	306	370	601	298	554	173	210	691	653	374	636	472	239	2	311	548	16	220	738	749	412	671	644	723	57	575	559	85	451	688	466	305	621	552	473	455	60	483	167	92	446	367
555	555	2354	556	615	400
558	2034	1641	905	558	1816	1532	376	1555	2660	1934	557	423	2463	1137
561	561	745	747	427
564	564	738	565	1841	294	463
567	567	21	385	502	1828	970	277
570	570	1520	1067	1258	1381	1245	212	1243	59	1200	2026	1246	1524	1709	576	872	169	1922	1814	874
573	573	464	270
576	43	1067	1245	355	59	2552	1814	834	839	1801	1258	731	2026	605	1200	1932	1710	212	1381	863	1526	293	330	576	354	1524	1014	570	1922	874	726
579	696	611	579	747
582	582	818	1498	1792	259
585	585	1061	378	911	2091	1275	335	2290	2291
588	186	699	566	747	588	294
591	672	640	549	1186	453	2155	287	848	1358	2690	591	2182	199	488	2475	1032	1105	2054
594	594	593	1122	1194	1621
597	597	675	224	434	204	106
600	1052	205	600	747	745
603	670	1640	603	540	1047
606	606	163	537
609	609	747	719
612	1348	612	1046	629	2568	289
615	615	98	556	555	54	614
618	638	618	478
621	738	471	1859	552	621	565
624	624	700	112	163	11	572	659
627	627	1270	1679	1562	1057	338
630	630	447	408
633	611	1459	633	565	294	566	197
636	636	2687	1573	2233	2204	2174	294	552	764	118	2027	2173	2672
639	639	584	250	1763
642	642	484	697
645	645	211	742	51	312
648	648	693
651	651	430	635
654	654	135	1260
657	656	657	1581
660	660	635
663	663	501	496	2393
666	666	745
669	669	509
672	130	574	2360	456	1343	1003	672	2004	1386	1460	535	1363	549	2696	109	2329	1293	2040	1004	2653	924	591
675	675	1429	2215	1445	344	2339	1442	597
678	678	528
681	681	712	402	2309
684	684	779	161	525	1425	1550
687	687	741	1704	2683	745	626	1700	1564	1157	2381	110
690	690	445	2457
693	693	531	1471	1501	648
696	696	1672	579	215	747	427
699	699	566	747	588	294
702	702	504
705	705	1910	519	192
708	708	250	14	1116
711	711	485
714	163	1218	714	833	2089	1035	1299
717	717	2502	163	1122	1877	188	2568	523
720	720	438
723	723	552
726	726	576	1068	1418
729	729	67	1993	467	1945	342
732	732	20	1897	640	267
735	735	2649	2106	216	195	2527	1956	307	86
738	2629	575	564	621	1183	2628	1727	738	1741	552	565	1585	1376	210	1213
741	741	1157	747	687	204
744	744	2030	163	65	2077	743	2316
747	747	353	175	489	696	113	207	153	561	719	741	588	18	72	655	43	202	110	217	572	771	104	397	198	235	127	680	724	502	186	234	494	336	124	203	610	458	695	83	369	685	527	386	91	328	310	73	112	349	665	628	205	600	26	579	737	330	542	779	700	362	204	283	599	703	545	229	609	315	368	526	763	699	620	146
750	750	244
753	753	405	444	409
756	756	379	176
759	759	95	23	93	161	99	292
762	762	88
765	765	163
768	768	772
771	771	72	104	202	747	745
774	774	2707	331	1493
777	777	533
780	780	1139	1598
783	1155	1407	1328	783	1812
786	791	1004	1363	786	1003
789	789	1206	415	1409
792	792	1095	798
795	794	795	865
798	798	1105	792	1433	507	1095
801	801	1542	313	1475
804	804	1664	1585	1459	1697
807	807	1438	294	1672
810	810	1287	1718
813	813	163	1523
816	816	1203	881
819	819	1154	818	817	1212	1215
822	822	1484	1644
825	1215	825	1707
828	828	1457	1422
831	831	885	2243	2466
834	834	1821	1814	1520	576	1067
837	837	1686	1007	1489
840	840	1196
843	843	575	568	1101	2658
846	846	781	219	2173	1533	2204	757
849	849	1720
852	852	1654	1015
855	1654	855	1338
858	858	2303	1084	2035	566	991	281	2556
861	861	1678	1236	1431
864	864	611	1079
867	867	46	74	1493	667
870	870	523	1687
873	873	1520	920
876	876	1025	1269	1006	453
879	879	700	979
882	882	1529	1316	1378	1616	523	565	575	1012
885	885	831	1335	177
888	888	41	1731	896
891	891	1437
894	894	1255
897	897	1240	157
900	1207	1583	1533	1351	900	228
903	903	1491	1672
906	906	1019	74	1860
909	909	913	1894	1527	827
912	1149	1240	912	1150	1241
915	915	1172	1294
918	918	1252
921	921	1265	1725
924	1460	1539	1480	924	672	1309
927	927	1328	1019
930	930	805	1254	1062
933	933	483	875
936	936	1515
939	939	1242
942	942	163	1153
945	945	1414	327	788	1287	62
948	948	1446	1281	1282
951	951	1401	2605	1554
954	969	954	450	1591	427	1461
957	957	967
960	960	1301	378	1292
963	963	344	1519
966	966	1481	902	1140	1673	163	964	965	910	1131
969	969	954
972	972	953
975	975	668	1079	76	608	74
978	978	1825	1593	1954	664
981	981	910	902	1140	965
984	984	1048
987	987	1608	1240	74
990	805	58	990	1774
993	993	973
996	996	161	1015
999	999	1240	1463	70	1512	347
1002	1002	983	1735
1005	1005	1313
1008	1008	1486	1569	1011
1011	1011	1010	1569	1008
1014	1014	1056	1091	576	676
1017	1017	157	74	1574
1020	1020	1328	1322	1329	430	1337	2577
1023	1023	1090	878
1026	1026	1433	1105
1029	1029	1090	2456
1032	967	848	847	1335	1032	591
1035	1035	1216	714	1218
1038	1038	157	916	1196
1041	1041	1321
1044	1044	814	1341	809	1365	812
1047	1047	603	1345	1344	1348	1355	1354	1420
1050	1306	1389	1591	1171	1050	1492	1499
1053	1053	1568	1024	853	931	1191	1463	1197	1607
1056	1056	1014	476	676
1059	1059	1055
1062	1254	930	1323	1062	2651
1065	1065	1305	163	1153	1279	1106	1063
1068	1068	726	989	359	2499	2500
1071	1292	1071	1498	1329
1074	1074	1174	109
1077	1077	1153
1080	1080	814	1129	1321	809	812
1083	1083	1660
1086	1078	1527	1240	1086	1545	1076	1582	1641
1089	1089	1354
1092	569	1092	1484
1095	1095	792	1433	1360	798	1456
1098	1098	1305	163	1911	343
1101	1101	1111	1328	843
1104	1104	1260	1262
1107	1107	1328	1617
1110	1110	1729	1728	793	163	1016
1113	1113	1380	163	1153
1116	1116	31	736	708	611	1593
1119	2405	1119	1203	881
1122	1534	1194	1122	799	578	594	717
1125	1125	817	1496	166	818	1483	857
1128	1128	76	1393	1288
1131	1131	1253	910	966
1134	1134	1264	2281
1137	558	1137	1459	1687
1140	1140	1311	2294	910	966	965	811	964	981
1143	1404	2429	1143	2165
1146	1146	1676	820
1149	1150	912	1323	2044	1149	1891
1152	1152	1453
1155	1155	1812	783	1328	785	1601	862	1407
1158	1158	1550	1555
1161	1592	1560	2423	1702	1161	2657	2324
1164	1164	1584	1626	1570
1167	1167	1332	1330	1331
1170	1170	1198	517
1173	1173	318	1328	2583
1176	1176	1123	1285	1592	1354	2272	254
1179	1179	946
1182	1073	1010	1569	1182	1726	1684	1578
1185	1185	1521	1000
1188	1188	1123	1354
1191	1191	2423	661	1053	1290	692
1194	594	1122	1194	1621
1197	2634	1290	1197	1484	1053
1200	1520	1200	570	576
1203	1203	1195	1411	816	1119	881	779	1630	542
1206	789	1206	163	1544
1209	1209	1215	539
1212	1212	1552	1126	580	818	1497	817	819
1215	825	1215	824	1707	1699	818	580	1209	819
1218	1218	1516	1670	1530	833	714	145	163	1035	1424	1571	1299
1221	1221	1797	910	2703
1224	1224	2673	145	163	1333
1227	1227	1236
1230	1230	2470	1231	1178	2598	995
1233	1233	922	923
1236	1669	1236	382	296	1227	861
1239	1239	1387
1242	1242	939
1245	1245	1243	1524	1520	570	576
1248	66	1248	688	835
1251	1251	399	1250
1254	1062	930	1254	1464
1257	380	1153	163	1872	1719	1257	2175	2259	2087
1260	1260	1269	344	1312	654	2090	1104
1263	1263	2585	1234
1266	1663	1266	1301	1576	836
1269	418	1312	569	2618	1260	876	1269	453
1272	1272	1451	1346	1281	1604	1282
1275	1275	2291	2290	426	2617	344	378	1234	585
1278	1278	486	1534	289	583
1281	1346	948	1471	1282	1272	1281	1604	1451
1284	430	427	1169	1283	1055	1284	230
1287	1287	905	499	787	945	810	976	1437	1414	1397
1290	1290	1019	1238	1918	218	1712	2329	429	378	2080	2169	1191	1197	1226	893	1025	1644	423
1293	1293	2284	672	1606	1592	1600
1296	1296	1198	456	109
1299	1299	1392	1216	714	1218
1302	1302	983
1305	1106	728	1305	1016	1098	163	1274	1065	1575	1740
1308	1507	1506	1503	1308	1504
1311	1311	1140	1253	910	764
1314	1314	1529
1317	1317	1354
1320	1320	1300	359	808
1323	1323	1150	1149	1145	1195	1062
1326	1326	248	1747	105	2434	2161	971	2144	1602	776	419
1329	1020	1986	1071	1329	2127	1049
1332	1332	1167
1335	1339	1337	1032	1270	885	1024	1335	1267	944	1607	1512	1478	1223
1338	1338	855	1654	1015	917	784
1341	1341	1044	812
1344	1344	1046	1047	1138	1345	1121
1347	1347	1147	84	1240	1241
1350	1350	1151
1353	1353	934	2302	2317	294
1356	1356	667	1430
1359	1359	1057
1362	1362	1184	2175	163	1178
1365	1044	814	809	1365	812
1368	1368	991	454
1371	1371	1114
1374	1374	869	1548
1377	288	1377	313	1642
1380	1113	1380	1611	1717	163	793
1383	1383	1384	152	1398
1386	2360	1386	1715	672
1389	1389	1050	2707	1079	821
1392	1392	1299
1395	1395	1541
1398	1398	1383
1401	951	1554	1401	2605	562	565
1404	1404	755	1143	163	219
1407	1407	1155	862	1626	783	1812
1410	1410	163	1153
1413	1413	136	1102
1416	1416	922	923
1419	1419	1550	525
1422	1422	1237	828	826	550	1657	1223	1273
1425	1425	1550	525	684
1428	1428	2329	2493	2539	2079	1622	2617	2424	2229	1601	1312
1431	1431	861	1412	698	1181
1434	1434	1208
1437	1437	891	787	1393	1287	1593
1440	1378	1440	82	565
1443	1443	1540
1446	1446	1282	948
1449	1449	453	1025
1452	560	1289	1452	157	1375
1455	1455	1694	793	1685	1069	1153
1458	1458	1714	838
1461	1461	1288	304	1593	954	1357
1464	200	1021	1464	1100	1254	1470
1467	1467	1333	163	793
1470	1470	411	1464	1037
1473	1473	1249	380	1474
1476	1476	1178	1277
1479	2017	1102	136	1479	2543
1482	1482	1484
1485	1485	1252	1159
1488	1488	611	427	1668	206	980	1490
1491	1491	903	1605	1390	851
1494	1494	1282
1497	1497	1126	580	901	1212	1163
1500	1500	1238	1267	1484	2180
1503	1503	1276	1108	1507	1504	1525	1308
1506	1506	1308	1276	1108	1507	1415	1504	1525
1509	589	1509	592	1144
1512	1112	1608	1267	1335	1671	999	1235	949	1512	1087	1463
1515	961	936	163	1711	1581	1515	1447	988
1518	1518	1536
1521	1237	1521	1185	1484	70
1524	1524	576	1245	1381	570	1520	1526	1243
1527	1527	1894	260	2221	1086	827	419	909	2420	211	1543	2561	2524	1747	2166	1240	2525	971	2076	2088
1530	1530	1218	145	163	1424	2089
1533	1533	900	781	970	846	1730	1277
1536	1536	2504	1518	1728	163	207
1539	924	378	1539	638	449	2091	136
1542	1542	801
1545	1086	1545	1909	1582
1548	1548	1374	76	1291
1551	272	1551	914
1554	1554	1553	951	1552	901	1401
1557	1557	650	691	1649	1687
1560	456	1560	1161	791	2198	535
1563	1563	53	803	357
1566	1567	1566	453	1124
1569	1569	1008	1726	1182	1010	1486	1073	430	208	1609	1011	877	1587	1327	1721	1684	1679
1572	1572	1598	163	1139
1575	1575	1305	163	1136
1578	1578	1622	1061	1010	877	1651	1182
1581	764	1581	657	1447	1515	1711
1584	2037	1328	1584	1164	2151	1626
1587	1587	1569
1590	1590	965	163	910
1593	1593	1288	1116	1461	978	1437
1596	1596	314	1244	348
1599	1599	1697	671
1602	1602	971	1549	339	1326
1605	1605	1491
1608	1608	949	431	1512	987	1220	2225
1611	1611	1380	1379	100	163	1153
1614	1614	1613	1619
1617	1617	1107	430	236
1620	1620	1177	1180
1623	1623	1313
1626	1735	1698	1626	1164	1584	1407
1629	1629	796
1632	1632	1687	471	68
1635	1635	1214	1706
1638	1638	1441
1641	1641	1086	71	558
1644	1644	1290	318	1601	1863	1862	462	2423	1964	2484	1328	2364	378	822	1732	701	1256	322	2616	2409	986	2614
1647	1647	2074	2586	1908	1684	2615
1650	1650	163	1466
1653	1653	1385
1656	1656	731	2357	1710	527	1822
1659	1094	1659	1652	1093
1662	1662	1036
1665	1665	539	883
1668	2535	1488	1910	1668	611	2378
1671	1671	1512	344
1674	1674	1680	1354	1123
1677	1677	1120
1680	1680	1123	1354	1674
1683	1559	740	1198	1683	1697
1686	1686	837	2426	2282
1689	38	538	1689	1738	163	219
1692	1692	228	1484	70
1695	1695	1354
1698	1698	1626	2597	686	66	430
1701	1701	36	832	1591	33
1704	1157	1704	745	687
1707	1707	825	1215	824
1710	1450	1710	576	1656
1713	1713	1991	138	1978	1982	1870	889	2153	1992	2510	1716	41	2002	115	892	416	468
1716	1716	892	1713	2153	1982	138	1991	41
1719	1719	1257	2175	1216	2363	2261	1911
1722	1722	1723	99	1619
1725	1725	1265	921
1728	1728	1775	1249	1110	1474	163	129	1536	168
1731	1731	888
1734	1734	1715	793	163	1249	1592
1737	1737	1736	380	415	1178
1740	1740	1136	1305
1743	1743	2192
1746	1746	1948
1749	1749	2164
1752	1752	2706
1755	1755	611	2432
1758	1758	2412
1761	1761	2208
1764	1764	1938	1770
1767	1767	2257	500
1770	1765	1770	1938	1764
1773	1773	2545
1776	1776	1595	136	2543
1779	1779	2007
1782	1782	2328	134	295	565	566
1785	1785	2564
1788	1788	1795	2178	2181
1791	1791	1559	682	1859
1794	1794	1795	2545	2178
1797	1797	1221	1409	2200
1800	1800	1995	2016	1994	342	1907	1901
1803	1803	1913	84	99
1806	1806	2570	2279
1809	1809	2585	2071
1812	1812	785	862	1513	1407	1155	2364	783
1815	1815	253	238	2671	489	2670
1818	1818	2029	2073	1813
1821	1801	1821	834
1824	2675	1824	2006	102	1595
1827	1827	1962	574	2083	2224	299	2110
1830	1830	2585	2466
1833	1833	2367
1836	1832	1831	1836	415	2334
1839	1839	2688	290	2705
1842	1757	2341	1842	1268
1845	1845	979	1844	68	1979
1848	1848	2483
1851	1851	503	1896
1854	1854	1864	1855	2482	2122	75	2048	2645	1976	2299
1857	1857	2020	2681	2540	160	125
1860	1860	906	548	683	2658	2428	2430
1863	1863	1964	1862	1644	1595
1866	1866	2272
1869	1869	1754	2409
1872	1872	1771	1696	163	1257
1875	1875	2553	2439	407	1891
1878	2624	1878	2571
1881	1881	2450	344	2449
1884	1884	1885	1902	745	1886
1887	1887	2258	1902
1890	1890	2039	163	1060
1893	1893	1908	102	1895
1896	1851	1896	496	2393
1899	1899	327	2292
1902	1902	1887	1886	1884	1885
1905	1905	1834	163	55
1908	1908	1582	442	2514	1647	1893	1838	2561
1911	1911	290	1719	1098	860	2087	2206
1914	1914	427	2176
1917	1917	2334	1796
1920	1920	1874
1923	1923	2114	1928	71	2227
1926	1926	748	1941
1929	1929	2349
1932	1932	18	1912	2024	576	745
1935	1935	2340	611	2499
1938	1938	1770	1764	1765
1941	1941	748	1926
1944	1259	1944	2091
1947	1947	2557
1950	1950	2220	2226
1953	1953	2107
1956	735	2527	1956	2649
1959	1959	2259	120	177
1962	1962	2509	1827	574
1965	757	2089	1965	712
1968	1968	2619	527	1774
1971	1971	2211	995	163	1696
1974	1974	667	2227	36
1977	1977	2318	2219	2153	2510
1980	1980	262	2202	2457	758
1983	1983	2078
1986	1986	2462	1329	569	70	2338
1989	1989	1882
1992	1992	2153	1713
1995	1995	1800	1907	1994	2097
1998	1998	1873
2001	2001	1796	833
2004	2004	2040	2360	672
2007	1780	2007	68	1779
2010	2010	2447
2013	2013	74	2382
2016	2016	342	1800	467
2019	2019	157	2147
2022	2022	2008	2153	2219
2025	2025	2693	2153	2377
2028	2028	1003	2653	308
2031	2031	2171
2034	2034	2015	2327	577	453	558
2037	2037	2151	1584	288
2040	2040	2360	2004	672	574	1006	1924
2043	2043	2270
2046	616	2107	2046	268
2049	2049	2306	2218	2410
2052	2052	2062	1483
2055	2055	2352
2058	2058	757	755	2232
2061	2061	2062	96	215
2064	2064	1777	1802
2067	2067	1792
2070	2070	2602	2640
2073	2073	1818
2076	1324	211	1527	2076	2559	772
2079	2079	1428	2609
2082	2082	1795	1775	2545	1793	2178
2085	2085	1093	2228	1094
2088	2524	2167	2088	1527	2525	248	776
2091	2091	2617	1539	1944	303	585	2438
2094	2094	2164
2097	2097	1994	1995
2100	2100	2527	1961
2103	415	2103	2334
2106	2106	2649	1750	735
2109	2109	2185
2112	2112	2572	365
2115	2115	2000	276
2118	2118	565	2442
2121	2121	2212
2124	2114	74	2124	1928
2127	2338	2127	1329
2130	2130	2030
2133	2133	1925	2206	2199
2136	2136	2148
2139	2139	995	2220	2226
2142	2142	2096
2145	2145	2408
2148	2148	2136
2151	2151	1584	2037	2342	1109
2154	2154	2119
2157	2565	66	2157	288
2160	2434	2160	1747
2163	2163	1849
2166	260	1527	2166	772	2524	2167	971	776
2169	2169	1290	2420
2172	2172	159	2692	136
2175	2175	1257	120	1696	2206	2087	2249	2259	2361	163	1745	2250	1009	1362	1940	1719
2178	2178	1794	2181	2545	1788	1795	2582	2082	1793
2181	2181	1795	1788	1793	2143	2178
2184	2184	2398
2187	2187	2321	2314	531
2190	2190	1955	2189	2188	2149	2365	2194
2193	2193	2165	129	538
2196	2196	2267	938	163	380
2199	2133	2199	1184	1784
2202	2202	1303	1571	163	2638	1980
2205	2205	1799
2208	1761	2208	2313	126	2234	2235
2211	2211	1232	854	1971
2214	2214	420	2223
2217	2217	2282	1007
2220	2220	129	1950	290	2252	1940	2139	2226	2600	1958	1409	2478	2563
2223	2223	510	190	519	2214
2226	1958	1950	2139	2220	2226	2478
2229	2229	2663	344	1428
2232	2232	2058	163	411
2235	2235	2208
2238	2238	2271
2241	2241	1994
2244	2244	2243
2247	2247	2701	2263
2250	2250	2271	1940	2175	1696
2253	2253	2213	2591
2256	2256	2597
2259	2259	2175	1257	163	2271	1959	2261
2262	2435	2236	2262	2542
2265	2265	163	2347
2268	1753	2445	2268	2275
2271	2271	2250	2249	2252	2259	2238
2274	2274	163	2237
2277	2277	1277	2269	2252	1931	2624
2280	2286	163	2280	145
2283	2283	2284
2286	2286	163	2280	145
2289	2289	1804	1805
2292	2292	1899	1111	2140
2295	2295	881	163	2667	427
2298	2298	163	2518
2301	1901	2301	2588	1907
2304	2304	2297	908
2307	2307	1772	1939	406
2310	2607	318	66	2310	2583
2313	2313	2208
2316	743	2316	2659	744	163	2030
2319	2319	2479	227	2131
2322	2322	359	2500	2498	2499
2325	2325	2538	611	745
2328	2328	1782
2331	2331	571	2694
2334	2334	1790	209	1836	602	2353	1588	2103	2332	54	1917	1832
2337	2337	2610	2218	2606
2340	2340	611	1935
2343	1618	2343	208	430	2443	1337
2346	2346	1301	1595	397	1967
2349	2349	1929
2352	2352	611	2055
2355	2355	1879	217	763
2358	2358	2503
2361	139	2216	2361	163	2175
2364	2364	862	1644	1812
2367	2367	2577	1833
2370	2370	2321
2373	2373	2507	1366	2374	916	2414	2413
2376	2376	359	2422	2499	2500
2379	2379	1984	2206
2382	2382	2013
2385	2385	2676	611	2499
2388	2388	427	2575
2391	2391	507	2427	2548
2394	2394	2427
2397	2397	2203	2405
2400	2400	127	122	1916	124
2403	2403	649	2581
2406	2406	2078
2409	1869	2543	477	638	2027	174	2409	1644	2672
2412	2412	427	1758	2255
2415	2415	1112	2530
2418	2418	2345	2511	2141
2421	2421	115	1868	74	2590	263	2389	1829	1856	1906	2654	345	2266
2424	2424	1428	2589
2427	2427	1888	318	2394	507	2548	2591	2391
2430	2430	2647	1860	682	294
2433	2433	2437
2436	2436	2649
2439	2439	407	1875
2442	2442	2118	929	565	523	71
2445	2445	2268	2275
2448	2448	519	2311	427	2526
2451	2451	1973	163	2446	129
2454	2454	1342	881	2129	1058
2457	2457	690	1980
2460	2460	2384
2463	2463	558	1934
2466	2466	831	2240	1830
2469	2469	1789
2472	2472	565	2476
2475	2475	574	1363	2246	640	591
2478	2220	2478	2226
2481	2481	1858
2484	2616	2614	2484	986	1644
2487	2487	136	52	430	1823
2490	2490	1807
2493	2493	2426	1428
2496	2496	613	2107	2571
2499	2499	1068	2376	203	2498	2147	1871	2500	2505	359	2357	2385	2422	2322	863	1418	1787	1935
2502	2605	2502	717
2505	2505	359	611	2499
2508	322	2508	632	2137	1235	2577
2511	2511	2345	2141	2083	2418	2320
2514	2514	2558	1838	1908	485	2380
2517	2517	2533
2520	66	2520	2359
2523	2523	2684
2526	2526	2448
2529	2529	2294	2521
2532	2532	518	2417	76	766
2535	2535	2176	1668
2538	2538	2325
2541	2673	638	2541	686
2544	2544	2568
2547	2547	2492
2550	2550	2045
2553	2553	1875
2556	2556	1904	858
2559	2559	51	1241	841	260	2076	1747
2562	2562	2595	1366	668
2565	2565	2157
2568	2568	717	2544	612	289	583
2571	2571	1878	268	2496	613	2107
2574	2574	427	2107
2577	1020	2577	2367	2180	2508	2342
2580	2580	1819	136	52	1823
2583	2583	2135	1423	2310	2333	378	1173	102
2586	2586	2486	2113	1889	2162	1647
2589	2589	2424	344	2329
2592	2592	99	1852
2595	2595	2562	1315	2452
2598	2598	956	854	1631	1232	2330	1230
2601	2601	2631
2604	2330	163	2604	1631	168
2607	1987	2607	2369	2074	2310
2610	2610	2337
2613	2613	1756
2616	2616	2614	2484	986	1644
2619	1774	2619	1968	328
2622	2622	2033
2625	2625	2612
2628	2629	565	2628	738
2631	2631	2601
2634	2634	1876	1197
2637	2637	2652
2640	2640	2070
2643	2643	2470	2646
2646	2646	2470	2643
2649	2106	735	2436	2649	1956	249
2652	2652	240	2637	2308
2655	2655	1975
2658	2658	843	477	427	566	1860	2647	1559	691
2661	2661	2375	2242	2506	2159	1910
2664	2664	189	2102	415	712
2667	2667	2429	2504	2381	163	2295
2670	2670	253	489	1815
2673	2673	1224	2541	163	995	638
2676	2385	2676	611	1787
2679	2679	99	2578
2682	2682	48	2348
2685	2685	2053	2054
2688	2688	1839	2216	1840	1784
2691	2691	1751
2694	2694	2331	1762	571	2495
2697	2697	1759	2698	2700	2288
2700	2700	2697	2698
2703	2703	1221	1409	2200
2706	1046	1640	1752	2706	1138
