5	5	490	2164
11	11	624	659
17	17	146
23	23	41	759
29	29	429	426	382	319
35	35	34
41	41	888	352	115	1713	892	2456	889	1716	1733	725	94	1982	23	533
47	47	87
53	53	1439	1563	803	243
59	59	576	874	1520	570	1709	839	872
65	743	65	744
71	71	74	1641	677	1559	1923	929	2442	661
77	77	337
83	83	747	294
89	89	635	638	430
95	95	358	1255	759	161
101	101	2686	2680	1112	331
107	250	1937	1288	898	107	498	108
113	113	747
119	119	686	430	228
125	125	160	1857	394
131	131	76
137	137	416	748	138
143	363	143	346	337	201	180
149	149	66
155	155	513	84	117	12
161	684	161	1147	759	95	996	713	2311
167	554	167	559	552	1459
173	173	2485	575	552	294	566	1378	565	162
179	179	608	331	611
185	389	324	185	332
191	395	22	191	163	448	294
197	749	197	295	633	3
203	359	747	203	2499
209	209	2704	415	2334
215	215	2380	696	2061	66	478
221	221	629
227	227	142	1547	438	296	2319	823	378	478	638	1318
233	233	1990	595
239	239	82	565	552	1378
245	245	1636	172
251	251	865	1505	6	482	2560	932	1877	88
257	257	36	667	480
263	668	263	74	2421
269	269	24
275	275	464
281	281	858	460
287	287	549	591	640
293	293	576	387
299	299	2110	1827	596	746	2083
305	305	410	552	82	565
311	311	552	406
317	508	417	317	2326
323	323	140	2467	2560	1322	228
329	329	237
335	585	378	344	335	426
341	341	709	340	529
347	84	999	713	347	452	998
353	353	747	427
359	1068	808	2322	2422	1320	330	1871	1342	2498	203	2376	359	1787	2499	2567	2505
365	365	2112	364	590	2572
371	371	2507	157	88
377	74	377	622
383	383	87	631	638
389	389	1937	185	332	577	324
395	395	189	163	191
401	442	401	632	2462	577
407	1875	1763	407	512	1298	2439
413	413	611
419	419	1326	248	1527	260	398	1747
425	425	565	85
431	431	1608	156	2137
437	437	14
443	443	14
449	479	449	638	1539	566
455	455	552	374
461	461	427
467	467	2016	2000	342	495	464	276	270	729
473	473	552	1459
479	136	2300	449	92	2636	478	479	649	418	147	1354	1627
485	485	2561	2380	2514	1838	711
491	491	2318	2377	468	182
497	497	2342	478
503	503	2029	174	1952	1813	501	2396	1851
509	509	669	314
515	515	2164	637
521	521	1082	344	638	1259	156	2312	1081
527	1968	1656	747	527	2662	2606
533	533	41	777
539	541	539	454	1665	1210	1123	1209	183	1453
545	545	747
551	2473	2215	551	523	482
557	557	423	558
563	563	247	163	219	37	38	500
569	1025	456	1092	1273	1181	1712	569	1457	550	2099	767	1430	514	255	1522	1986	1000	710	1269
575	575	843	565	552	1378	882	173	2485	738
581	580	50	222	581	49
587	587	2239	427	214	88
593	593	300	594
599	599	747
605	605	676	576	476
611	611	2325	1315	601	2260	1499	179	2050	718	386	1755	608	1763	2540	579	864	716	1493	2505	2352	413	2230	1564	719	2378	899	1935	1103	1732	511	133	2340	938	2676	2385	28	1668	1352	1116	1079	2501	368	1488	633	1265
617	617	226
623	623	2341	637	1064	2140	1172	1937
629	629	612	1535	221	1537
635	635	89	640	381	436	177	660	256	683	632	109	442	722	474	651	430	208	375	634	264	686	172
641	641	484	1739	376
647	647	81
653	552	653	2480
659	695	163	659	625	397	11	624
665	747	665	294	427
671	1459	671	552	566	1599	562	565
677	677	71
683	683	632	1860	635	430	686
689	689	967	1580	163	1826
695	695	1967	747	659
701	701	15	638	1644
707	707	196	158	195
713	713	347	161
719	719	1666	2561	1133	1112	611	747	609	520	87	1838
725	725	48	41	93
731	731	1656	330	1450	576	121	1778	808
737	737	747	2024
743	743	744	163	65	2030	2659	2316	2077
749	197	749	2485	483	552	1459
755	1404	2058	755	188	757
761	9	761	40	535
767	767	569	255
773	773	1687	656	565	1643
779	779	542	1203	638	684	747
785	1155	785	1513	862	1328	1812
791	791	1004	1560	786	1661	1003
797	797	1645
803	803	1563	357	1439	53
809	809	1080	919	812	1365	1229	814	1222	1615	1190	1129	908	1639	1044	297
815	815	1523	880
821	821	607	1389	1421
827	913	1894	827	1527	909
833	2001	1516	1796	833	1218	714
839	839	59	1072	874	1520	1709	576	354	1067	1526
845	845	784
851	851	1491
857	857	2060	1125	1483
863	808	863	576	2499
869	869	76	1374
875	875	370	775	1192	933	554
881	2423	2405	572	2702	2454	74	1256	1203	881	1119	1411	816	2295	2203	112
887	887	1531	983
893	893	1290	1259	1174
899	1565	899	1564	611	1672
905	905	1397	976	1393	1287	558
911	911	177	1354	585
917	1338	850	917	784
923	1233	1416	923	1126	922
929	2442	929	1559	740	71	1697
935	935	163	1136
941	941	1717	1441
947	947	1328
953	953	972
959	959	793	1130
965	965	1060	1481	966	177	1673	981	1253	964	1432	1590	902	1140
971	971	1602	1527	2166	1326
977	977	1234
983	983	1002	1636	887	1735	256	1531	928	1302
989	989	1418	1068
995	995	1232	1230	1985	1178	1231	415	1690	2139	2673	956	1495	1971
1001	1001	1354
1007	1007	837	2426	1919	344	2217
1013	1013	1156
1019	1019	906	927	1290	1256	853	926	862
1025	1025	876	1449	1712	1238	569	1290	1388	453	1006
1031	1031	1328	258
1037	1037	1610	1470	427	1042	1028
1043	1043	1435	1042
1049	1292	1498	1049	1329
1055	1055	607	1284	1059
1061	1061	585	1010	426	1651	1578	1244	378
1067	1067	576	1801	570	834	1814	839
1073	1073	1569	1636	1182	314	1112
1079	1079	611	1718	1103	1389	864	1724	1315	975	1009
1085	1085	1292
1091	1091	1014	676	476	1288
1097	1097	1393
1103	1079	1103	1579	74	611	427
1109	1109	1328	2151	1570
1115	1115	1252	820
1121	1640	540	806	1344	1121	1138	643	1046
1127	1127	938	728	1153	163	793
1133	1133	719	1666
1139	793	163	1139	1598	780	1018	1572
1145	1145	1323
1151	1151	1350
1157	1157	741	1700	1704	745	687
1163	1498	1163	1534	1497
1169	1169	1454	1284	524
1175	1175	1325	1628
1181	1181	25	569	1431
1187	1187	426	1234
1193	1193	1183
1199	1199	1702	1550
1205	1153	793	163	1205	1016
1211	1211	1247	1520	1058
1217	1217	1349
1223	1607	1223	1335	848	1422
1229	1229	809	1615
1235	1235	1512	2508
1241	1241	772	2559	1147	1347	912	998	1141	1240	84	950
1247	1247	1211
1253	163	1311	965	1253	811	910	1131
1259	1259	136	2312	2213	92	1944	1081	521	1082	893
1265	1265	1725	611	921
1271	1271	997	236
1277	1277	1533	2277	2470	1476	163	2152
1283	1283	142	823	427	391	1547	1318	1284	230
1289	1289	157	1452
1295	1295	886
1301	1301	1266	1595	2346	960
1307	1307	1657	1057
1313	1313	1005	1623	1382	1655
1319	1319	1391
1325	2170	1175	2309	1325	219
1331	1331	1167
1337	1337	2300	944	2343	1335	1020
1343	1456	672	1364	1363	1343	1003	1004
1349	1349	1217
1355	1648	1640	1148	1355	1047
1361	1361	1463
1367	1367	817
1373	1373	1366	565	1718
1379	1379	163	1611
1385	1385	1706	1653
1391	1391	1319
1397	1397	905	1287	1393
1403	1403	1112
1409	1409	1797	2600	129	2220	2703	789	958
1415	1525	1504	1415	1506
1421	1421	1417	821
1427	1427	525	1550
1433	1433	1026	1095	798
1439	803	1439	53
1445	1442	1445	675	344	414
1451	1272	1604	1281	1451	1346
1457	569	1457	828	163	826	1462	1237
1463	1463	1361	1053	1512	999	931	1399	1406	1405
1469	1469	1705	1364	1456	1003	1661	1004
1475	1475	1642	801
1481	1481	965	966	910	964	1573
1487	1487	1528	1532
1493	867	774	1493	611	1732
1499	1499	1310	1306	611	1050
1505	1505	865	932	251	2560
1511	1511	1357
1517	1517	1612
1523	1523	815	1060	813	1136	343	880
1529	1529	882	565	1314
1535	1535	289	1537	1348	629
1541	1541	1395
1547	227	1547	427	142	1283
1553	1553	1554	1552	82	901
1559	1559	1683	1664	1697	740	1791	2658	929	71	1703
1565	1565	899	1088
1571	1571	2202	1216	163	1218	343
1577	1577	1580	658	427	343
1583	2396	900	1583	2563
1589	1589	910
1595	1595	151	2675	2346	1863	1576	1964	1301	1862	1776	1657	1824	836
1601	2423	1429	1644	1155	1601	224	1428
1607	1607	848	1223	1335	1053
1613	1613	1619	784	1162	99	1614
1619	1619	1722	1614	1723	99	1613
1625	1625	1580
1631	2407	2330	1631	2604	934	2598
1637	1637	1562	430	157
1643	1643	773	566	1189	868	1649	649
1649	1649	1557	148	1213	1228	1687	868	691	1643
1655	1655	1313
1661	1661	1469	1358	791	453	109
1667	1667	1697	740
1673	965	1673	966	910	964	1573
1679	1679	1726	627	1569
1685	1455	422	163	1685	1069
1691	1691	422	163	793
1697	1697	804	1683	1667	1599	929	1559	1664	16	1703
1703	1703	1697	1559	740
1709	839	59	570	1709	1520
1715	1715	1386	1734	163	793
1721	1721	1569
1727	1376	1727	565	738
1733	1733	41	904
1739	1739	641	848
1745	2175	1745	2641
1751	1751	2691
1757	1757	2221	2341	1842	1268
1763	1763	2611	745	639	611	407
1769	1769	1696	2330
1775	1775	1728	1771	163	1795	2116	2082	1793
1781	1781	2663	1819
1787	2499	1787	2676	359
1793	2082	1795	1793	2178	1775	2181
1799	1424	1799	2205	163	727
1805	1805	2289	1804
1811	1811	2410	427	204
1817	1817	2464
1823	1823	2487	2580
1829	1829	2421
1835	1835	2182	2011
1841	1841	1741	564
1847	1847	1846	1927
1853	1853	2320	1861
1859	471	554	548	565	621	1859	1791
1865	1865	2107
1871	2499	1871	359
1877	578	717	2215	251	1877	414
1883	1883	2177
1889	1889	2648	730	562	2586
1895	1895	1893	638	102
1901	1901	2301	1800
1907	1907	1800	1995	2301
1913	1913	1803	416
1919	2431	1007	1919	638	2426
1925	1925	2392	2133	2206
1931	1931	2277	523	2402	1408	1921	2624
1937	1937	1064	623	107	2293	389
1943	1943	1936	163	1696
1949	1949	1960
1955	1955	2194	2149	2190
1961	1961	2527	2100
1967	1967	2346	695
1973	1973	2451	247	129
1979	1979	68	1844	1845
1985	1985	2065	995	1231
1991	1991	2510	1713	1716
1997	1997	1996
2003	2003	1999	2515
2009	2009	2534
2015	2034	2015	2092	2327
2021	2021	87	157	2218	2428
2027	2027	636	2409	465	565
2033	2033	430	2622
2039	2254	1890	2039	163	1060
2045	2045	638	2550
2051	2051	1969
2057	2215	1510	2057	790	2465	2695
2063	2063	2494
2069	2069	2434	260
2075	2075	1855
2081	2081	1910	2159	2366
2087	2087	1911	2261	2175	1257
2093	2093	283	1990
2099	2099	2098	453	569	456
2105	2105	2621
2111	2111	2302	2047
2117	2117	2639
2123	2123	649	2482
2129	2129	2454
2135	134	2333	2012	2135	2583	2023
2141	2141	2511	2418
2147	2147	2019	2498	2499
2153	2153	2318	2219	2022	1716	1713	115	2002	2699	1992	889	1977	1982	2008	2025
2159	2159	2661	2081	1910
2165	2165	129	745	538	2363	2193	1143
2171	2032	2171	2031	638	344
2177	163	2177	1883
2183	2183	2305	2179	2150	1954
2189	2189	2194	2188	2365	2190
2195	2195	286	378	1963
2201	2201	2233
2207	2207	79	1786
2213	2539	2126	2213	2290	1259	2253
2219	2219	2022	2008	2153	1977
2225	2225	2423	256	1608	1732
2231	2231	136	2635
2237	2237	2274	2170
2243	2243	2245	831	2244
2249	2249	2175	2271
2255	2255	427	2412
2261	2261	2259	1719	2206	2087
2267	2267	2196
2273	2273	2360
2279	2279	1806	2579
2285	2311	2285	2138
2291	2291	585	2290	1275	344	378
2297	2297	2304
2303	2303	1951	2035	858
2309	2309	538	403	1969	1325	681
2315	109	2315	2287
2321	2321	2370	2186	2187
2327	2327	2034	1924	76	2015
2333	2333	102	2135	2583	318
2339	2126	2339	344	675
2345	2345	2511	2418	2005
2351	2351	1772
2357	2357	2499	1656
2363	2363	1719	2165	1969	163	129
2369	256	426	2369	2607
2375	2375	1910	2661	2416
2381	2667	1606	2381	687
2387	2387	2386
2393	2393	1813	496	1952	1896	2029	663
2399	2399	2398	136	2626
2405	2405	2203	1119	881	2397
2411	2411	2666
2417	2417	157	2532
2423	1161	2657	881	2423	2627	1601	853	550	1644	862	1191	2225	1732
2429	2624	2281	2317	2429	2667	2152	1143
2435	2435	2236	2262
2441	2441	2585	66	344
2447	2447	378	2010
2453	2453	427	2666
2459	553	2459	2606
2465	228	2465	638	2057
2471	2471	2245
2477	2477	2678
2483	2483	1848	1003	1004
2489	2489	2371	2372	1126	643
2495	2495	2694	1762	58	571
2501	2501	611	2260
2507	2507	2374	2239	2373	371
2513	2513	2239	310	74	2374	1366
2519	2519	2264
2525	2525	1527	2088
2531	2531	2566
2537	1927	2537	451	1846	2198
2543	2543	159	2440	2409	136	1479	1776	2674
2549	280	2549	519	2608	193
2555	2555	2560
2561	2561	719	1527	1908	485	2380
2567	2567	2498	359
2573	2573	1942
2579	2579	2279	2336
2585	2585	1263	1830	1809	2441
2591	2591	2253	2126	2427	2431
2597	2597	2256	1698
2603	2603	1756
2609	2609	2080	344	2079
2615	2615	2084	2074	1647
2621	2621	2105
2627	2627	2423
2633	2633	2182	2011
2639	2639	2117
2645	2645	1854	2482
2651	2651	1062	2059
2657	2657	2423	1161
2663	2663	1781	2229
2669	2669	2596
2675	2675	1256	1964	1824	1595	1862
2681	2681	1857	160	78
2687	764	2687	636	2174
2693	2693	2025
2699	2699	2153
2705	2705	1839	2216	1840	1784
