0	0	14	435	8	258	544
4	4	170
8	751	8	435	258	14	0
12	12	84	155
16	16	1697	566	552	466
20	20	267	334	640	25	732
24	39	24	269
28	28	586	611	1718	1606
32	32	679
36	1701	1933	1066	745	1591	2390	2072	36	257	1974
40	40	761
44	44	88	686	2428
48	725	48	2456	1783	2682
52	478	2487	52	430	2580	228
56	56	1027	778	967
60	60	252	565	552	688	562
64	64	284	486	583	289
68	1825	979	1979	2007	1845	522	68	1632
72	72	202	771	747	745
76	76	1934	975	131	250	694	1128	869	345	2532	661	181	2327	1548	2390	392	518
80	80	15	2044
84	1550	1347	950	27	155	84	1240	1803	715	347	1241	998	12
88	88	682	44	251	587	371	762	116	760	208	225
92	92	2438	552	1259	565	136	479
96	2061	478	438	96	649
100	100	758	1611	265
104	104	747	771
108	108	250	1288	898	107	498	304
112	112	881	572	747	624
116	116	88	686	2428
120	188	1959	2175	120	1184
124	127	2400	124	747	745	122
128	128	294	103	565
132	132	346
136	136	479	986	2172	1259	1370	2580	2543	2399	1413	1479	2487	2635	1776	1539	244	92	1102	159	2231
140	140	323
144	144	2102	188	444
148	148	460	656	1649	210	1687
152	152	15	1383
156	156	314	431	521	236
160	469	2681	322	160	2540	125	1857
164	164	740	517
168	168	2604	1728	475	1756
172	172	245	430	635
176	176	379	756
180	180	350	143
184	184	433	432	158	428
188	415	188	262	141	144	755	163	721	129	717	139	757	380	120	42	523	189
192	192	439	519	10	420	280	705	510	193
196	196	707	216	195
200	1464	1891	200	536
204	204	741	747	1811	2650	202	274	597	1645	2410
208	208	635	2343	1270	430	1569	88
212	169	570	212	576
216	216	735	196
220	220	45	490	552	295
224	224	1601	1819	597
228	228	52	1692	259	323	2465	119	2617	900
232	232	268	14	613
236	236	1271	156	1270	430	1617
240	240	2652	61	2308
244	244	750	565	136
248	105	2088	248	1326	419	398
252	688	562	60	74	252	294
256	256	983	2369	635	928	430	634	2225
260	260	2069	1527	1324	2559	2524	419	2166	619
264	638	264	635
268	268	2046	14	258	613	232	616	2571
272	272	516	1551	914
276	342	467	2546	276	1993	270	2115
280	280	193	2549	519	10	192
284	284	64	583	486
288	288	75	1377	2380	2037	66	2157
292	292	759	904
296	296	692	227	638	1236	438
300	300	1621	593
304	1912	304	108	427	1461	250
308	308	1456	9	2028
312	312	577	772	427	645
316	316	344
320	320	259
324	324	332	326	62	278	327	389	185
328	328	747	2619
332	1064	332	185	389	62	324
336	336	747
340	709	340	529	341
344	344	2215	2426	521	1244	348	2290	2171	2291	2032	2617	1671	2609	1622	1881	1	963	1007	2339	316	675	1267	2229	1627	2589	2441	1442	1260	335	1445	1275	1312
348	348	1244	1596	638	344
352	352	1372	41	904
356	190	356	510
360	360	698	151
364	364	365	590	366
368	368	611	747
372	372	38	273
376	376	558	704	641
380	1474	1473	188	934	1257	1784	163	380	2641	1737	2196
384	384	14
388	388	439	2590
392	76	392	154
396	396	378	478
400	14	400	2360	258	555	2354
404	404	102
408	408	630
412	412	552	688
416	416	1913	2510	137	1713	138
420	420	2214	10	192	193	2590	519	439
424	424	571
428	432	428	302	433	184	598
432	432	184	598	428	302	433	165
436	436	635
440	440	367	562	414
444	444	144	753
448	448	163	191
452	117	452	347	513
456	672	549	456	1748	1560	25	569	2099	1296	2455	2653
460	460	281	148
464	464	275	467	279	573
468	468	491	2377	1713	182	896
472	472	1006	650	552	566
476	476	605	1056	1091
480	480	257	2570	2270	667
484	484	1574	641	642
488	488	2053	109	591	549
492	492	2419	213	1741	565	490	45	2323	734	1186
496	663	496	1896	2393	501
500	500	563	1767	247	2444
504	504	702
508	317	2326	523	508	417
512	512	407	411
516	516	272
520	719	520	142	478	524	230
524	524	1169	1454	430	520
528	528	678
532	532	27
536	58	206	411	536	200
540	1640	540	1121	603	523	543
544	544	751	258	14	0
548	548	1859	552	82	1860	565
552	277	306	370	601	298	554	173	210	691	653	374	636	472	239	2	311	548	16	220	738	749	412	671	644	723	57	575	559	85	451	688	466	305	621	552	473	455	60	483	167	92	446	367
556	556	615	555	2354	2360
560	560	246	1452	740	2287	1375	157	78	955	938
564	564	738	565	1841	294	463
568	568	478	843
572	112	881	572	747	624
576	43	1067	1245	355	59	2552	1814	834	839	1801	1258	731	2026	605	1200	1932	1710	212	1381	863	1526	293	330	576	354	1524	1014	570	1922	874	726
580	580	1212	1497	922	1126	581	1215
584	584	639	427	250
588	186	699	566	747	588	294
592	592	1509	282	589	1144
596	596	299
600	1052	205	600	747	745
604	604	74	668
608	608	611	179	2230	394	975	680	133
612	1348	612	1046	629	2568	289
616	616	2046	268	438	613
620	620	747
624	624	700	112	163	11	572	659
628	628	747
632	1582	2508	401	635	430	1909	632	683
636	636	2687	1573	2233	2204	2174	294	552	764	118	2027	2173	2672
640	2054	199	640	130	574	591	732	109	287	2475	1897	635	20	1363	459	549
644	644	210	552	565
648	648	693
652	652	249	373	86
656	656	148	773	650	657
660	660	635
664	664	350	978
668	668	310	2683	604	1315	975	2562	1508	2413	2414	263
672	130	574	2360	456	1343	1003	672	2004	1386	1460	535	1363	549	2696	109	2329	1293	2040	1004	2653	924	591
676	676	605	1014	1056	1091
680	680	74	90	608	747
684	684	779	161	525	1425	1550
688	412	207	566	688	552	1248	835	252	60
692	692	296	1191	438	378
696	696	1672	579	215	747	427
700	700	625	624	747	879
704	704	376
708	708	250	14	1116
712	1036	712	219	415	681	2664	1965	54
716	716	611	157
720	720	438
724	724	747	2612
728	728	943	243	1127	1016	1305	1466
732	732	20	1897	640	267
736	736	250	14	1116
740	740	1683	1667	1664	1559	418	157	929	164	560	1703
744	744	2030	163	65	2077	743	2316
748	748	1941	137	1926	1933	138
752	752	649	1621
756	756	379	176
760	760	88	686	2428
764	764	1311	2174	636	2687	769	1581	910	1573
768	768	772
772	2076	1240	742	768	1147	2167	1502	312	1241	51	772	2166
776	2088	776	398	342	2166	1326
780	780	1139	1598
784	784	917	1338	845	1613
788	788	2341	1414	2425	2323	945	1268
792	792	1095	798
796	796	1629
800	800	163	1136
804	804	1664	1585	1459	1697
808	808	731	359	863	1450	1320	1342
812	812	1044	809	1080	1341	814	1365
816	816	1203	881
820	820	1115	829	1146	1252
824	824	1707	1215	1621
828	828	1457	1422
832	832	1701	1052
836	836	375	1266	426	1595
840	840	1196
844	844	1784	55	974	1184	934
848	848	967	1032	1223	1607	847	591	1739	1388	1400	1468
852	852	1654	1015
856	1153	856	793	163	1016
860	860	934	1911	1184	1940
864	864	611	1079
868	868	1643	1649
872	872	59	570	1520
876	876	1025	1269	1006	453
880	880	1523	815
884	884	109	1658
888	888	41	1731	896
892	892	138	1713	41	904	1716	889
896	468	888	896	1372
900	1207	1583	1533	1351	900	228
904	904	292	889	1733	892	115	1372	352
908	908	919	2304	414	809
912	1149	1240	912	1150	1241
916	916	157	427	2373	1038	2686	2374
920	920	1520	873
924	1460	1539	1480	924	672	1309
928	983	1636	928	256
932	932	865	251	1505
936	936	1515
940	940	163	934
944	944	1335	1337
948	948	1446	1281	1282
952	1660	952	1064
956	956	1231	1178	2598	995
960	960	1301	378	1292
964	964	1481	1673	910	966	1432	902	1140	965
968	968	1285
972	972	953
976	976	905	1268	1287	1393
980	980	1488
984	984	1048
988	988	1515
992	992	1354
996	996	161	1015
1000	1000	931	569	1185
1004	1469	791	672	1004	2483	786	1364	2146	2350	1003	1343
1008	1008	1486	1569	1011
1012	1012	882	565	295
1016	728	1466	1670	1016	727	1305	943	1110	1070	1205	856	1729
1020	1020	1328	1322	1329	430	1337	2577
1024	1024	1053	74	2338	1335
1028	1028	1042	206	1610	1435	1037
1032	967	848	847	1335	1032	591
1036	1036	1662	538	712
1040	1040	1354
1044	1044	814	1341	809	1365	812
1048	1048	984
1052	832	1051	600	1052	1066
1056	1056	1014	476	676
1060	1060	1136	2039	237	965	163	1523	1890
1064	1937	332	1064	952	623
1068	1068	726	989	359	2499	2500
1072	1072	1520	839	354
1076	1076	1078	2461	1086
1080	1080	814	1129	1321	809	812
1084	1084	2035	858	991
1088	1088	1565
1092	569	1092	1484
1096	1096	1069
1100	1100	1464
1104	1104	1260	1262
1108	1108	1507	1506	1503	1504
1112	1112	1618	719	1073	926	1403	2415	101	1512
1116	1116	31	736	708	611	1593
1120	1677	1120	2275
1124	1124	1567	453	1566
1128	1128	76	1393	1288
1132	1132	1309
1136	1136	1523	1575	1286	1558	1030	163	800	935	1063	1142	1516	1018	1060	727	1594	1740	1333
1140	1140	1311	2294	910	966	965	811	964	981
1144	1144	592	1509
1148	1148	486	1534	1597	1355	285	30
1152	1152	1453
1156	1156	1013
1160	1160	1166
1164	1164	1584	1626	1570
1168	1168	802
1172	2108	1172	2341	915	1141	623
1176	1176	1123	1285	1592	1354	2272	254
1180	1180	1177	1620
1184	860	120	1362	1184	844	141	2199	781	1784
1188	1188	1123	1354
1192	321	1192	2473	2150	875
1196	1196	840	1038
1200	1520	1200	570	576
1204	1204	537	1153	129	2624	538
1208	1208	1429	1434
1212	1212	1552	1126	580	818	1497	817	819
1216	1216	1571	1299	1719	1035
1220	1220	1618	1608	1484	74
1224	1224	2673	145	163	1333
1228	1228	1693	1688	1649	1687
1232	1232	2211	1231	1178	2598	995
1236	1669	1236	382	296	1227	861
1240	1240	897	841	999	1147	912	1201	742	998	1086	987	950	1141	1241	1527	84	1347	772
1244	1596	1244	348	314	344	1061
1248	66	1248	688	835
1252	1252	1477	1115	1485	907	830	1634	829	918	820
1256	1256	2675	1019	881	1644
1260	1260	1269	344	1312	654	2090	1104
1264	1264	1738	1134
1268	1268	1414	976	1842	1757	788	2419	2140	1898	2323	1186
1272	1272	1451	1346	1281	1604	1282
1276	1276	1506	1503	1525	1504
1280	1280	955
1284	430	427	1169	1283	1055	1284	230
1288	1288	1461	1593	1091	1414	107	787	108	1128	1502	499
1292	1292	1049	960	1071	1085
1296	1296	1198	456	109
1300	1320	1300	1342
1304	1304	1354
1308	1507	1506	1503	1308	1504
1312	1312	418	344	638	1269	1428	1260	1622
1316	1316	882	565	295
1320	1320	1300	359	808
1324	1324	260	1543	1747	2076
1328	1644	1107	927	1328	1513	1020	1173	1031	1101	1423	947	1584	1412	783	785	1155	1109	1568	1111
1332	1332	1167
1336	1336	1478	1027
1340	1075	427	1340	157
1344	1344	1046	1047	1138	1345	1121
1348	612	1535	1348	1047	1537
1352	1352	2674	611	1672
1356	1356	667	1430
1360	1360	1095
1364	1364	1363	1469	1705	1343	1003	1004
1368	1368	991	454
1372	352	904	1372	896
1376	1376	1546	1727	306	565	738
1380	1113	1380	1611	1717	163	793
1384	1384	1383
1388	1388	1027	1025	848	1586
1392	1392	1299
1396	1396	970
1400	1400	848	967
1404	1404	755	1143	163	219
1408	1408	1931	1921	1249
1412	1412	1111	1328	1431
1416	1416	922	923
1420	1420	1354	1047	1138
1424	1424	1530	1218	1799
1428	1428	2329	2493	2539	2079	1622	2617	2424	2229	1601	1312
1432	1432	965	910	964	1573
1436	1436	895
1440	1378	1440	82	565
1444	1444	1442	1135
1448	1448	1621
1452	560	1289	1452	157	1375
1456	1456	308	1095	1343	1469
1460	1460	638	924	672
1464	200	1021	1464	1100	1254	1470
1468	1468	848	638	847
1472	1472	878
1476	1476	1178	1277
1480	1480	924	1532
1484	1484	1197	1430	822	1482	1057	1500	1092	1521	1237	931	1220	1522	1692
1488	1488	611	427	1668	206	980	1490
1492	1492	1050	1724
1496	1496	1125
1500	1500	1238	1267	1484	2180
1504	1504	1506	1308	1108	1276	1507	1503	1415	1525
1508	1724	1508	668
1512	1112	1608	1267	1335	1671	999	1235	949	1512	1087	1463
1516	1516	1136	833	1218
1520	1520	1072	1211	920	1200	1258	354	872	1526	1524	1709	570	834	1246	839	873	59	874	1245
1524	1524	576	1245	1381	570	1520	1526	1243
1528	1528	151	426	1487
1532	1532	782	577	1480	1487	558	327	925
1536	1536	2504	1518	1728	163	207
1540	1540	1443	1378	1459	565	1118	1045	842
1544	1544	1206	163	566
1548	1548	1374	76	1291
1552	1552	1554	1212	1553
1556	1556	1534	1537
1560	456	1560	1161	791	2198	535
1564	687	1564	899	745	611	1672
1568	1568	1328	1053	430
1572	1572	1598	163	1139
1576	1576	375	1266	426	1595
1580	1580	1577	689	1625
1584	2037	1328	1584	1164	2151	1626
1588	1588	2334	1114	1117
1592	1592	1293	1734	405	1161	1298	1176
1596	1596	314	1244	348
1600	1600	411	1293	946
1604	1604	1272	1281	1451
1608	1608	949	431	1512	987	1220	2225
1612	1612	1517
1616	1616	882	523	565
1620	1620	1177	1180
1624	1624	1550
1628	1628	1063	1175
1632	1632	1687	471	68
1636	1636	1073	2074	928	1684	983	245
1640	540	1345	1121	1640	603	1355	2706
1644	1644	1290	318	1601	1863	1862	462	2423	1964	2484	1328	2364	378	822	1732	701	1256	322	2616	2409	986	2614
1648	1648	1355
1652	1652	1659
1656	1656	731	2357	1710	527	1822
1660	1660	1083	952
1664	804	1697	1664	1559	740
1668	2535	1488	1910	1668	611	2378
1672	1672	696	899	1564	294	903	807	1352
1676	1676	1146	565	523	207	74
1680	1680	1123	1354	1674
1684	1684	1647	1636	1569	314	1182	1726
1688	1688	1228	1178
1692	1692	228	1484	70
1696	1696	1771	2250	2175	1971	1114	163	2330	1769	1334	1943	1872
1700	1700	1157	745	687
1704	1157	1704	745	687
1708	1708	1333
1712	1712	1025	1290	569	453
1716	1716	892	1713	2153	1982	138	1991	41
1720	1720	849
1724	1724	1508	1492	1079	1538
1728	1728	1775	1249	1110	1474	163	129	1536	168
1732	853	1732	2225	1644	611	1493	2423
1736	1736	1737	1178	1690
1740	1740	1136	1305
1744	1744	2041
1748	456	1748	2182
1752	1752	2706
1756	1663	2613	1756	2603	168	745
1760	427	1760	1879
1764	1764	1938	1770
1768	1768	2257
1772	1772	2307	2351
1776	1776	1595	136	2543
1780	1780	2007
1784	1784	844	1184	163	2199	380	2688	2705	55
1788	1788	1795	2178	2181
1792	1792	430	2067	163	582
1796	1796	833	1917	2001	1030
1800	1800	1995	2016	1994	342	1907	1901
1804	1804	2289	1805
1808	1808	638	2210
1812	1812	785	862	1513	1407	1155	2364	783
1816	1816	1934	558	2485	559	566
1820	2383	1820	2569
1824	2675	1824	2006	102	1595
1828	1828	2018	567	2014
1832	1832	1831	55	1836	415	2334
1836	1832	1831	1836	415	2334
1840	1840	2688	2705
1844	1844	1979	1845
1848	1848	2483
1852	1852	99	2592
1856	1856	2421
1860	1860	906	548	683	2658	2428	2430
1864	1864	1855	1854	2276	2122
1868	1868	2421
1872	1872	1771	1696	163	1257
1876	1876	2634
1880	1880	2302
1884	1884	1885	1902	745	1886
1888	507	1888	2427	109
1892	1892	2131
1896	1851	1896	496	2393
1900	1900	2492
1904	1904	2556	643
1908	1908	1582	442	2514	1647	1893	1838	2561
1912	1912	304	1932
1916	1916	2400
1920	1920	1874
1924	1924	345	2040	2327
1928	1928	2570	667	1923	74	2114	2124
1932	1932	18	1912	2024	576	745
1936	1936	1943
1940	2250	860	1940	2220	2175
1944	1259	1944	2091
1948	1948	1746
1952	2396	1952	2029	2393	503
1956	735	2527	1956	2649
1960	1960	1949
1964	1644	1595	102	2675	1863	1964	1862
1968	1968	2619	527	1774
1972	1972	2620
1976	1976	1854
1980	1980	262	2202	2457	758
1984	1984	2206	2379
1988	1988	2401
1992	1992	2153	1713
1996	1996	1997
2000	2000	467	2115
2004	2004	2040	2360	672
2008	2008	2022	2153	2219
2012	2012	2135	378	102
2016	2016	342	1800	467
2020	2020	1857
2024	2024	737	1778	1932	427
2028	2028	1003	2653	308
2032	2032	344	2171
2036	2036	2696
2040	2040	2360	2004	672	574	1006	1924
2044	80	2683	2044	427	1149
2048	2048	1854
2052	2052	2062	1483
2056	2056	271	2095
2060	2060	857	2062	1483
2064	2064	1777	1802
2068	2068	355	2228
2072	2072	667	2227	36
2076	1324	211	1527	2076	2559	772
2080	2080	1290	2329	2609
2084	2084	2615
2088	2524	2167	2088	1527	2525	248	776
2092	453	2092	2015
2096	2096	2142
2100	2100	2527	1961
2104	2302	2104	403
2108	1172	2108	1898	2140
2112	2112	2572	365
2116	2116	163	2125	1775
2120	2120	1798
2124	2114	74	2124	1928
2128	2479	2128	2030
2132	2132	382	1837
2136	2136	2148
2140	2140	623	2292	1898	1268	2108
2144	2144	1894	1326
2148	2148	2136
2152	2429	2152	1277
2156	2156	453	2098
2160	2434	2160	1747
2164	515	5	1749	2164	2094	2521
2168	2168	2350	1363
2172	2172	159	2692	136
2176	2176	1914	2535
2180	2180	2577	1500
2184	2184	2398
2188	2188	2194	2190	2149	2189
2192	2192	1743	177
2196	2196	2267	938	163	380
2200	1797	2703	2200	163	1969
2204	2173	163	2204	846	636
2208	1761	2208	2313	126	2234	2235
2212	2212	2121
2216	2216	2705	2361	2688
2220	2220	129	1950	290	2252	1940	2139	2226	2600	1958	1409	2478	2563
2224	2224	1827
2228	2085	2068	2228	1094	127	1093
2232	2232	2058	163	411
2236	2236	2262	2542	2435
2240	2240	2466
2244	2244	2243
2248	2248	2296	163	145
2252	2252	2277	2220	2271
2256	2256	2597
2260	2260	611	2501
2264	2264	2519
2268	1753	2445	2268	2275
2272	1176	2272	1866
2276	2276	30	1864	486
2280	2286	163	2280	145
2284	2284	2283	2278	74	1293
2288	2288	2697	1759
2292	2292	1899	1111	2140
2296	2296	2251	2248	163	145
2300	2300	2636	1337	479
2304	2304	2297	908
2308	2308	2652	240
2312	2312	2587	1082	1259	521
2316	743	2316	2659	744	163	2030
2320	2320	2511	1853
2324	2324	1161	2326
2328	2328	1782
2332	2332	1117	2334
2336	2336	745	2579
2340	2340	611	1935
2344	2344	2707
2348	2348	1783	2682
2352	2352	611	2055
2356	2356	1705	1105	2246
2360	2360	574	2040	1006	2004	2354	672	400	1386	556	2273
2364	2364	862	1644	1812
2368	2368	85	465	2642
2372	2372	1126	2398	2489
2376	2376	359	2422	2499	2500
2380	2380	288	2294	485	2514	1838	215	2561
2384	2384	2460
2388	2388	427	2575
2392	2392	1925
2396	2563	1583	2396	163	1952	503
2400	2400	127	122	1916	124
2404	2404	1459	2221
2408	2408	1975	523	2145
2412	2412	427	1758	2255
2416	2416	2375	1910	2506
2420	2420	1527	2169
2424	2424	1428	2589
2428	1860	2428	116	760	2042	2021	225	44
2432	2432	1755
2436	2436	2649
2440	2440	2543
2444	2444	2257	500
2448	2448	519	2311	427	2526
2452	2452	2595	1315
2456	1029	2456	1742	48	41
2460	2460	2384
2464	2464	1817
2468	2468	2467
2472	2472	565	2476
2476	2476	294	2472
2480	2485	2480	653	566	523	565
2484	2616	2614	2484	986	1644
2488	2488	1910
2492	2492	2547	2461	1900	577
2496	2496	613	2107	2571
2500	2500	2499	2422	2498	2376	2322	1068
2504	2504	1536	1663	2667
2508	322	2508	632	2137	1235	2577
2512	2512	1930
2516	2516	1946
2520	66	2520	2359
2524	2088	2166	260	1527	2524	1894
2528	2528	1858
2532	2532	518	2417	76	766
2536	2536	502	2629	1957
2540	2540	160	1857	611	157
2544	2544	2568
2548	2548	507	2427	2391
2552	2552	576	2026
2556	2556	1904	858
2560	2560	2555	1505	251	649	323	865
2564	1785	2564	163	1558	1159
2568	2568	717	2544	612	289	583
2572	2572	365	2112
2576	2576	2678	1051
2580	2580	1819	136	52	1823
2584	2584	2632
2588	2588	2301
2592	2592	99	1852
2596	2686	2669	2596	2680
2600	2600	2220	1409	163	523
2604	2330	163	2604	1631	168
2608	2608	519	2549
2612	2612	26	2625	724	1903
2616	2616	2614	2484	986	1644
2620	2620	1972
2624	2624	2317	2429	1204	1931	1878	2702	2277
2628	2629	565	2628	738
2632	2632	2584
2636	479	2636	2300
2640	2640	2070
2644	2644	2134
2648	2648	1889
2652	2652	240	2637	2308
2656	2656	799	2626	1699
2660	2660	1933	558	577
2664	2664	189	2102	415	712
2668	2668	2365
2672	636	2409	465	2672	565
2676	2385	2676	611	1787
2680	101	157	2680	2596
2684	2684	2523
2688	2688	1839	2216	1840	1784
2692	2692	2172	1370	2038
2696	2696	2036	2695	672	98
2700	2700	2697	2698
2704	2704	2407	209
