3	3	601	197	463
7	7	258
11	11	624	659
15	80	538	129	701	15	253	234	322	254	152	399
19	19	74	571
23	23	41	759
27	27	84	532
31	250	14	31	1116
35	35	34
39	39	24	82
43	43	747	576
47	47	87
51	51	772	645	2559
55	1905	163	55	361	844	1832	1784
59	59	576	874	1520	570	1709	839	872
63	63	210	739	153	1546
67	67	729
71	71	74	1641	677	1559	1923	929	2442	661
75	75	1354	2122	288	2299	1123	1854	1855
79	438	79	2207
83	83	747	294
87	87	2021	719	2245	383	47
91	91	747	745
95	95	358	1255	759	161
99	99	1255	2679	1722	1619	1852	1803	1613	759	2578	2592
103	103	565	128	471	294	465
107	250	1937	1288	898	107	498	108
111	111	350
115	138	115	1713	41	2421	904	2153
119	119	686	430	228
123	123	553
127	127	745	747	124	18	2228	122	2400
131	131	76
135	135	418	654
139	2361	139	188
143	363	143	346	337	201	180
147	147	479
151	151	360	1595	1528
155	155	513	84	117	12
159	159	2172	2543	136	2066	2674	985
163	163	189	1379	1650	1218	2396	2563	1457	346	1691	689	1136	1971	2177	191	1225	2173	910	743	1498	982	2667	2604	530	2200	2554	1206	1127	2296	1205	2673	935	2265	606	1775	2518	1850	1807	1139	1696	1362	1030	1905	1070	402	1571	1404	1274	1611	266	940	1277	1060	1734	2295	309	546	1715	2521	1689	2363	2600	2196	174	1675	1286	813	145	800	1253	1590	1799	129	765	1099	1575	2286	1729	390	727	1334	1792	781	2451	602	1380	1717	2564	1890	942	141	2274	2077	55	1224	1872	2039	1544	1207	42	961	624	290	1573	1558	2232	2361	2659	744	1572	2316	1305	415	188	1536	219	2557	448	1110	1784	22	523	2202	395	1069	1515	1178	2175	1303	966	793	1130	1467	1219	757	1685	1159	658	1410	717	1728	380	714	2298	1831	1065	1098	563	2248	2251	1943	2280	1113	2638	856	2204	1530	237	2259	422	1257	1594	2116	1114	659	1333	1153	769	1106
167	554	167	559	552	1459
171	171	109	114
175	175	747
179	179	608	331	611
183	183	541	454	66	539
187	187	462
191	395	22	191	163	448	294
195	195	196	735	707
199	199	591	640
203	359	747	203	2499
207	207	1536	1676	747	688
211	2076	325	211	1527	645
215	215	2380	696	2061	66	478
219	219	712	757	563	1689	402	1404	163	1325	38	1738	846	2563
223	223	430	686
227	227	142	1547	438	296	2319	823	378	478	638	1318
231	231	30	486	285
235	235	747
239	239	82	565	552	1378
243	243	53	728	357
247	247	1117	1261	500	2446	563	1973	2257	982
251	251	865	1505	6	482	2560	932	1877	88
255	255	421	767	569	70
259	259	320	582	228
263	668	263	74	2421
267	267	20	334	459	732
271	718	271	2056
275	275	464
279	279	464
283	283	2093	565	523	747
287	287	549	591	640
291	291	487
295	295	210	220	1316	471	82	1782	1012	197	565	2078
299	299	2110	1827	596	746	2083
303	303	478	426	2091	1174
307	307	735	598
311	311	552	406
315	315	747
319	319	29	1273
323	323	140	2467	2560	1322	228
327	327	1532	945	1899	324	326
331	331	774	179	101
335	585	378	344	335	426
339	339	495	342	1602	1549	270
343	1571	1274	343	530	1303	1523	1098	1577
347	84	999	713	347	452	998
351	351	350	730
355	745	2068	1094	355	576	1562	1093
359	1068	808	2322	2422	1320	330	1871	1342	2498	203	2376	359	1787	2499	2567	2505
363	363	337	143	346
367	367	565	440	552	483
371	371	2507	157	88
375	375	836	1576	638	635
379	756	379	176
383	383	87	631	638
387	387	293
391	391	230	142	1283	427	438
395	395	189	163	191
399	15	1251	399	427	1250
403	403	2104	2309	2302	402
407	1875	1763	407	512	1298	2439
411	411	2232	1600	512	1891	2594	536	1470	2582
415	188	712	1790	209	1836	1737	1832	523	415	2353	789	163	995	2664	2103
419	419	1326	248	1527	260	398	1747
423	558	423	1290	557	1934	62	2425
427	427	2024	477	353	561	696	658	946	1999	205	916	954	2448	584	1975	406	461	1488	698	1760	1405	1399	1340	1577	2683	1103	250	2383	1811	201	2255	2437	304	146	2306	2574	1547	2258	2044	665	823	1037	1274	391	312	1766	18	2388	1914	610	350	587	1318	526	230	674	2412	202	493	1283	494	1284	2658	2453	2295	399
431	431	1608	156	2137
435	751	435	8	258	14	0
439	439	97	420	388	192
443	443	14
447	447	1471	630	1501
451	2666	552	451	2537
455	455	552	374
459	459	109	130	1705	640	267
463	3	333	564	463	477	483
467	467	2016	2000	342	495	464	276	270	729
471	471	621	1045	2	103	1632	295	1859
475	475	168
479	136	2300	449	92	2636	478	479	649	418	147	1354	1627
483	483	566	277	294	749	552	650	463	933	367
487	538	487	291
491	491	2318	2377	468	182
495	270	342	495	467	339
499	499	250	1287	1288
503	503	2029	174	1952	1813	501	2396	1851
507	507	2548	549	2427	1888	109	2391	798
511	511	611	74
515	515	2164	637
519	519	192	193	2590	2549	2223	2608	420	10	190	280	705	2448	510
523	523	277	551	2480	465	717	1790	415	508	1676	565	2600	1616	2551	2442	283	188	2408	870	54	2642	163	1931	1921	478	961	882	1214	540	910	1687
527	1968	1656	747	527	2662	2606
531	531	1490	2187	693
535	535	761	109	1560	672
539	541	539	454	1665	1210	1123	1209	183	1453
543	543	540
547	547	430	74
551	2473	2215	551	523	482
555	555	2354	556	615	400
559	559	34	552	1378	167	1816	2341
563	563	247	163	219	37	38	500
567	567	21	385	502	1828	970	277
571	571	424	2495	1762	2331	19	2694
575	575	843	565	552	1378	882	173	2485	738
579	696	611	579	747
583	583	2371	643	284	64	1126	2568	2398	1278	50	1214
587	587	2239	427	214	88
591	672	640	549	1186	453	2155	287	848	1358	2690	591	2182	199	488	2475	1032	1105	2054
595	595	233	121
599	599	747
603	670	1640	603	540	1047
607	821	607	1055	438	1306
611	611	2325	1315	601	2260	1499	179	2050	718	386	1755	608	1763	2540	579	864	716	1493	2505	2352	413	2230	1564	719	2378	899	1935	1103	1732	511	133	2340	938	2676	2385	28	1668	1352	1116	1079	2501	368	1488	633	1265
615	615	98	556	555	54	614
619	619	260
623	623	2341	637	1064	2140	1172	1937
627	627	1270	1679	1562	1057	338
631	631	1562	1057	383
635	635	89	640	381	436	177	660	256	683	632	109	442	722	474	651	430	208	375	634	264	686	172
639	639	584	250	1763
643	643	150	50	1121	583	1904	49	2489	222
647	647	81
651	651	430	635
655	655	747	198
659	695	163	659	625	397	11	624
663	663	501	496	2393
667	1928	1356	2270	2570	867	2227	667	480	2072	257	1974
671	1459	671	552	566	1599	562	565
675	675	1429	2215	1445	344	2339	1442	597
679	679	30	32
683	683	632	1860	635	430	686
687	687	741	1704	2683	745	626	1700	1564	1157	2381	110
691	1557	1649	552	691	2658	565
695	695	1967	747	659
699	699	566	747	588	294
703	703	747	2233
707	707	196	158	195
711	711	485
715	715	84
719	719	1666	2561	1133	1112	611	747	609	520	87	1838
723	723	552
727	727	1799	1016	163	1136
731	731	1656	330	1450	576	121	1778	808
735	735	2649	2106	216	195	2527	1956	307	86
739	739	63
743	743	744	163	65	2030	2659	2316	2077
747	747	353	175	489	696	113	207	153	561	719	741	588	18	72	655	43	202	110	217	572	771	104	397	198	235	127	680	724	502	186	234	494	336	124	203	610	458	695	83	369	685	527	386	91	328	310	73	112	349	665	628	205	600	26	579	737	330	542	779	700	362	204	283	599	703	545	229	609	315	368	526	763	699	620	146
751	751	435	8	544	258	14
755	1404	2058	755	188	757
759	759	95	23	93	161	99	292
763	763	747	1879	2355	241
767	767	569	255
771	771	72	104	202	747	745
775	775	162	1459	875
779	779	542	1203	638	684	747
783	1155	1407	1328	783	1812
787	787	1437	1288	74	1287
791	791	1004	1560	786	1661	1003
795	794	795	865
799	799	1706	1699	1122	2656
803	803	1563	357	1439	53
807	807	1438	294	1672
811	1253	910	811	1140
815	815	1523	880
819	819	1154	818	817	1212	1215
823	823	227	427	142	1283
827	913	1894	827	1527	909
831	831	885	2243	2466
835	835	1248	688
839	839	59	1072	874	1520	1709	576	354	1067	1526
843	843	575	568	1101	2658
847	847	1468	1402	710	1032	848	967
851	851	1491
855	1654	855	1338
859	859	1198
863	808	863	576	2499
867	867	46	74	1493	667
871	871	74	1591
875	875	370	775	1192	933	554
879	879	700	979
883	883	1665	1210
887	887	1531	983
891	891	1437
895	895	1436
899	1565	899	1564	611	1672
903	903	1491	1672
907	907	1252
911	911	177	1354	585
915	915	1172	1294
919	908	809	919	1129
923	1233	1416	923	1126	922
927	927	1328	1019
931	1000	1053	931	1463	1484	70
935	935	163	1136
939	939	1242
943	943	1466	728	1646	1016	793
947	947	1328
951	951	1401	2605	1554
955	955	1280	109	560
959	959	793	1130
963	963	344	1519
967	1032	322	689	967	848	57	1400	847	1561	109	306	1394	56	957
971	971	1602	1527	2166	1326
975	975	668	1079	76	608	74
979	979	68	1825	1845	879	766	157
983	983	1002	1636	887	1735	256	1531	928	1302
987	987	1608	1240	74
991	991	858	1368	318	1084
995	995	1232	1230	1985	1178	1231	415	1690	2139	2673	956	1495	1971
999	999	1240	1463	70	1512	347
1003	2182	1897	1469	791	672	2028	1004	2483	1003	1343	786	2146	1364
1007	1007	837	2426	1919	344	2217
1011	1011	1010	1569	1008
1015	1015	1338	852	996
1019	1019	906	927	1290	1256	853	926	862
1023	1023	1090	878
1027	1027	56	1322	1336	638	322	378	1388
1031	1031	1328	258
1035	1035	1216	714	1218
1039	1039	1354
1043	1043	1435	1042
1047	1047	603	1345	1344	1348	1355	1354	1420
1051	1051	1052	2576
1055	1055	607	1284	1059
1059	1059	1055
1063	1063	1065	1628	1136	1153
1067	1067	576	1801	570	834	1814	839
1071	1292	1071	1498	1329
1075	1075	157	1340
1079	1079	611	1718	1103	1389	864	1724	1315	975	1009
1083	1083	1660
1087	1087	1512
1091	1091	1014	676	476	1288
1095	1095	792	1433	1360	798	1456
1099	1099	163	1178
1103	1079	1103	1579	74	611	427
1107	1107	1328	1617
1111	1111	1570	1339	1101	1328	1412	258	2292
1115	1115	1252	820
1119	2405	1119	1203	881
1123	1123	1674	1354	1680	541	539	1176	1188	75	1483
1127	1127	938	728	1153	163	793
1131	1131	1253	910	966
1135	1135	1444	1174	1442
1139	793	163	1139	1598	780	1018	1572
1143	1404	2429	1143	2165
1147	1147	1347	161	1240	772	1241
1151	1151	1350
1155	1155	1812	783	1328	785	1601	862	1407
1159	1159	1485	163	2564
1163	1498	1163	1534	1497
1167	1167	1332	1330	1331
1171	1171	1050
1175	1175	1325	1628
1179	1179	946
1183	1183	1202	562	1193	738
1187	1187	426	1234
1191	1191	2423	661	1053	1290	692
1195	1195	1323	1203	1630
1199	1199	1702	1550
1203	1203	1195	1411	816	1119	881	779	1630	542
1207	900	378	163	1207	1333	430
1211	1211	1247	1520	1058
1215	825	1215	824	1707	1699	818	580	1209	819
1219	1219	163	1153
1223	1607	1223	1335	848	1422
1227	1227	1236
1231	1231	1495	1232	1230	995	1178	2086	854	956	1985
1235	1235	1512	2508
1239	1239	1387
1243	1243	1245	570	1524
1247	1247	1211
1251	1251	399	1250
1255	1255	95	358	99	894
1259	1259	136	2312	2213	92	1944	1081	521	1082	893
1263	1263	2585	1234
1267	1500	1335	1267	1512	344
1271	1271	997	236
1275	1275	2291	2290	426	2617	344	378	1234	585
1279	1279	1065
1283	1283	142	823	427	391	1547	1318	1284	230
1287	1287	905	499	787	945	810	976	1437	1414	1397
1291	1291	1548
1295	1295	886
1299	1299	1392	1216	714	1218
1303	1303	2202	2347	163	1274	343
1307	1307	1657	1057
1311	1311	1140	1253	910	764
1315	1315	2595	668	2452	611	1079
1319	1319	1391
1323	1323	1150	1149	1145	1195	1062
1327	1327	1165	638	1569
1331	1331	1167
1335	1339	1337	1032	1270	885	1024	1335	1267	944	1607	1512	1478	1223
1339	1339	2677	1678	2443	434	1335	1111	1570
1343	1456	672	1364	1363	1343	1003	1004
1347	1347	1147	84	1240	1241
1351	900	1351	1498
1355	1648	1640	1148	1355	1047
1359	1359	1057
1363	1363	672	2168	640	1343	786	1364	2475	2653
1367	1367	817
1371	1371	1114
1375	560	1375	1452	157
1379	1379	163	1611
1383	1383	1384	152	1398
1387	1387	1239
1391	1391	1319
1395	1395	1541
1399	1399	427	1463
1403	1403	1112
1407	1407	1155	862	1626	783	1812
1411	1411	2203	1203	881
1415	1525	1504	1415	1506
1419	1419	1550	525
1423	1423	1328	2583
1427	1427	525	1550
1431	1431	861	1412	698	1181
1435	1435	1043	1028	1042
1439	803	1439	53
1443	1443	1540
1447	1447	1515	566	1581
1451	1272	1604	1281	1451	1346
1455	1455	1694	793	1685	1069	1153
1459	1459	775	1540	2404	1687	2078	633	2221	45	749	57	210	804	1137	671	167	473	566
1463	1463	1361	1053	1512	999	931	1399	1406	1405
1467	1467	1333	163	793
1471	1471	1282	1281	693	447	1501	1633
1475	1475	1642	801
1479	2017	1102	136	1479	2543
1483	1483	1123	857	1498	2052	1125	2060
1487	1487	1528	1532
1491	1491	903	1605	1390	851
1495	1495	995	1231
1499	1499	1310	1306	611	1050
1503	1503	1276	1108	1507	1504	1525	1308
1507	1507	1108	1506	1503	1308	1504
1511	1511	1357
1515	961	936	163	1711	1581	1515	1447	988
1519	1519	963	1177
1523	1523	815	1060	813	1136	343	880
1527	1527	1894	260	2221	1086	827	419	909	2420	211	1543	2561	2524	1747	2166	1240	2525	971	2076	2088
1531	1154	983	66	1531	887
1535	1535	289	1537	1348	629
1539	924	378	1539	638	449	2091	136
1543	1543	1527	1324
1547	227	1547	427	142	1283
1551	272	1551	914
1555	1555	558	1158	1550
1559	1559	1683	1664	1697	740	1791	2658	929	71	1703
1563	1563	53	803	357
1567	1567	1358	1124	1566
1571	1571	2202	1216	163	1218	343
1575	1575	1305	163	1136
1579	1579	1103
1583	2396	900	1583	2563
1587	1587	1569
1591	1591	1050	1701	871	33	36	954
1595	1595	151	2675	2346	1863	1576	1964	1301	1862	1776	1657	1824	836
1599	1599	1697	671
1603	1603	1117	1114	2089
1607	1607	848	1223	1335	1053
1611	1611	1380	1379	100	163	1153
1615	1615	1639	809	1229
1619	1619	1722	1614	1723	99	1613
1623	1623	1313
1627	1177	344	1627	479
1631	2407	2330	1631	2604	934	2598
1635	1635	1214	1706
1639	1639	809	1615
1643	1643	773	566	1189	868	1649	649
1647	1647	2074	2586	1908	1684	2615
1651	1651	1578	1061	877	1010
1655	1655	1313
1659	1094	1659	1652	1093
1663	1663	1266	1756	2504
1667	1667	1697	740
1671	1671	1512	344
1675	1675	163	1153
1679	1679	1726	627	1569
1683	1559	740	1198	1683	1697
1687	1557	148	1137	1189	773	523	1687	1228	1632	1649	1459	898	54	870
1691	1691	422	163	793
1695	1695	1354
1699	1699	799	1215	2656
1703	1703	1697	1559	740
1707	1707	825	1215	824
1711	1581	1711	1515
1715	1715	1386	1734	163	793
1719	1719	1257	2175	1216	2363	2261	1911
1723	1723	1619	1722
1727	1376	1727	565	738
1731	1731	888
1735	1735	1002	1626	983
1739	1739	641	848
1743	1743	2192
1747	1747	2434	1527	1324	2559	2160	1326	419
1751	1751	2691
1755	1755	611	2432
1759	2288	1759	2697	2698
1763	1763	2611	745	639	611	407
1767	1767	2257	500
1771	1771	1872	1775	1696
1775	1775	1728	1771	163	1795	2116	2082	1793
1779	1779	2007
1783	1783	48	2348
1787	2499	1787	2676	359
1791	1791	1559	682	1859
1795	1795	1788	2181	2545	1775	2178	2082	1793	1794
1799	1424	1799	2205	163	727
1803	1803	1913	84	99
1807	1807	163	2490
1811	1811	2410	427	204
1815	1815	253	238	2671	489	2670
1819	1819	1781	2580	224
1823	1823	2487	2580
1827	1827	1962	574	2083	2224	299	2110
1831	1831	1836	163	1832
1835	1835	2182	2011
1839	1839	2688	290	2705
1843	1843	2626
1847	1847	1846	1927
1851	1851	503	1896
1855	1855	2075	1854	75	2122	2482	1864	2299
1859	471	554	548	565	621	1859	1791
1863	1863	1964	1862	1644	1595
1867	1867	1754	1718
1871	2499	1871	359
1875	1875	2553	2439	407	1891
1879	763	1879	2355	1760
1883	1883	2177
1887	1887	2258	1902
1891	1891	58	1149	411	1875	1774	206	200
1895	1895	1893	638	102
1899	1899	327	2292
1903	1903	2612
1907	1907	1800	1995	2301
1911	1911	290	1719	1098	860	2087	2206
1915	1915	2497	1981
1919	2431	1007	1919	638	2426
1923	1923	2114	1928	71	2227
1927	1927	1847	2537	1846
1931	1931	2277	523	2402	1408	1921	2624
1935	1935	2340	611	2499
1939	1939	2307
1943	1943	1936	163	1696
1947	1947	2557
1951	1951	2303
1955	1955	2194	2149	2190
1959	1959	2259	120	177
1963	1963	286	378	2195
1967	1967	2346	695
1971	1971	2211	995	163	1696
1975	1975	2689	2655	2408	427	565
1979	1979	68	1844	1845
1983	1983	2078
1987	1987	2607
1991	1991	2510	1713	1716
1995	1995	1800	1907	1994	2097
1999	1999	2003	427	2515
2003	2003	1999	2515
2007	1780	2007	68	1779
2011	2011	2182	2633	1835
2015	2034	2015	2092	2327
2019	2019	157	2147
2023	2023	2135
2027	2027	636	2409	465	565
2031	2031	2171
2035	2035	2303	1084	858
2039	2254	1890	2039	163	1060
2043	2043	2270
2047	2047	2111
2051	2051	1969
2055	2055	2352
2059	2059	453	2651
2063	2063	2494
2067	2067	1792
2071	2071	1809
2075	2075	1855
2079	2079	1428	2609
2083	2083	299	2511	1827
2087	2087	1911	2261	2175	1257
2091	2091	2617	1539	1944	303	585	2438
2095	2095	2056	157	2230
2099	2099	2098	453	569	456
2103	415	2103	2334
2107	2107	2496	2571	2046	2574	1953	1865	613
2111	2111	2302	2047
2115	2115	2000	276
2119	2119	2154
2123	2123	649	2482
2127	2338	2127	1329
2131	2131	2030	1892	2319
2135	134	2333	2012	2135	2583	2023
2139	2139	995	2220	2226
2143	2143	2181
2147	2147	2019	2498	2499
2151	2151	1584	2037	2342	1109
2155	2155	591	2467
2159	2159	2661	2081	1910
2163	2163	1849
2167	2167	2161	2088	772	2166
2171	2032	2171	2031	638	344
2175	2175	1257	120	1696	2206	2087	2249	2259	2361	163	1745	2250	1009	1362	1940	1719
2179	2179	321	2183	2150
2183	2183	2305	2179	2150	1954
2187	2187	2321	2314	531
2191	2191	2275	362
2195	2195	286	378	1963
2199	2133	2199	1184	1784
2203	2203	1411	2405	881	2397
2207	2207	79	1786
2211	2211	1232	854	1971
2215	2215	2650	344	2057	675	1877	551
2219	2219	2022	2008	2153	1977
2223	2223	510	190	519	2214
2227	2227	1923	2390	667	1974	2072
2231	2231	136	2635
2235	2235	2208
2239	2239	587	2414	1366	2507	2513	2413
2243	2243	2245	831	2244
2247	2247	2701	2263
2251	2251	2296	163	145
2255	2255	427	2412
2259	2259	2175	1257	163	2271	1959	2261
2263	2263	2247	2701
2267	2267	2196
2271	2271	2250	2249	2252	2259	2238
2275	2275	1120	2191	2268	2522	2445
2279	2279	1806	2579
2283	2283	2284
2287	560	2287	2315
2291	2291	585	2290	1275	344	378
2295	2295	881	163	2667	427
2299	2299	1855	75	1854
2303	2303	1951	2035	858
2307	2307	1772	1939	406
2311	2311	2285	161	2448
2315	109	2315	2287
2319	2319	2479	227	2131
2323	2323	1268	492	788	2419
2327	2327	2034	1924	76	2015
2331	2331	571	2694
2335	2335	74	2378
2339	2126	2339	344	675
2343	1618	2343	208	430	2443	1337
2347	2347	2265	1303	2254
2351	2351	1772
2355	2355	1879	217	763
2359	66	2359	2520
2363	2363	1719	2165	1969	163	129
2367	2367	2577	1833
2371	2371	1126	583	2489
2375	2375	1910	2661	2416
2379	2379	1984	2206
2383	2383	427	1820
2387	2387	2386
2391	2391	507	2427	2548
2395	2395	2665
2399	2399	2398	136	2626
2403	2403	649	2581
2407	2407	2704	1631
2411	2411	2666
2415	2415	1112	2530
2419	2419	1268	2323	492
2423	1161	2657	881	2423	2627	1601	853	550	1644	862	1191	2225	1732
2427	2427	1888	318	2394	507	2548	2591	2391
2431	2431	1919	2591	426	2426
2435	2435	2236	2262
2439	2439	407	1875
2443	1339	2443	2338	2343
2447	2447	378	2010
2451	2451	1973	163	2446	129
2455	2354	456	2455	453
2459	553	2459	2606
2463	2463	558	1934
2467	2467	323	2155	2468
2471	2471	2245
2475	2475	574	1363	2246	640	591
2479	2479	2128	2319
2483	2483	1848	1003	1004
2487	2487	136	52	430	1823
2491	2491	1981
2495	2495	2694	1762	58	571
2499	2499	1068	2376	203	2498	2147	1871	2500	2505	359	2357	2385	2422	2322	863	1418	1787	1935
2503	2503	2358
2507	2507	2374	2239	2373	371
2511	2511	2345	2141	2083	2418	2320
2515	2515	1999	2003
2519	2519	2264
2523	2523	2684
2527	1961	1956	2527	735	2100
2531	2531	2566
2535	2535	2176	1668
2539	2539	2213	1322	1428
2543	2543	159	2440	2409	136	1479	1776	2674
2547	2547	2492
2551	2551	523	2473
2555	2555	2560
2559	2559	51	1241	841	260	2076	1747
2563	2396	219	163	2563	1583	2220
2567	2567	2498	359
2571	2571	1878	268	2496	613	2107
2575	2388	2575	1910	2366	2506
2579	2579	2279	2336
2583	2583	2135	1423	2310	2333	378	1173	102
2587	2587	2312
2591	2591	2253	2126	2427	2431
2595	2595	2562	1315	2452
2599	2599	2162
2603	2603	1756
2607	1987	2607	2369	2074	2310
2611	2611	1763	2606
2615	2615	2084	2074	1647
2619	1774	2619	1968	328
2623	2623	2113
2627	2627	2423
2631	2631	2601
2635	2635	136	2231
2639	2639	2117
2643	2643	2470	2646
2647	2658	2647	2430
2651	2651	1062	2059
2655	2655	1975
2659	2659	2316	743	163	2030
2663	2663	1781	2229
2667	2667	2429	2504	2381	163	2295
2671	2671	1815
2675	2675	1256	1964	1824	1595	1862
2679	2679	99	2578
2683	2683	668	687	427	2044
2687	764	2687	636	2174
2691	2691	1751
2695	2696	2057	2695	2198
2699	2699	2153
2703	2703	1221	1409	2200
2707	2707	774	2344	1389
